target,real_target,js,jv,time,action
[-0.31950927 -0.12324426  0.32162663  1.39859288],[-0.35150927 -0.15463619  0.32637641  1.36659288],[-0.35150927 -0.15463619  0.32637641  1.36659288],[0. 0. 0. 0.],1725718525.1765454,[-79.27506545 -43.69278752  -0.36100936  69.79637629]
[-0.31950927 -0.12896019  0.29437641  1.33459288],[-0.35150927 -0.15463619  0.32637641  1.36659288],[-0.32564842 -0.15368262  0.32644508  1.39857107],[0.51721716 0.01907148 0.0013734  0.63956376],1725718525.1765454,[  -2.65197351  -31.67745812    7.33048187 -130.52073827]
[-0.34796833 -0.18663619  0.30296179  1.35299976],[-0.35150927 -0.15463619  0.32637641  1.36659288],[-0.3254553  -0.15350033  0.32638761  1.34857107],[ 0.00386228  0.00364576 -0.00114934 -1.        ],1725718525.177544,[58.32971567 52.03390171  5.06656161 38.68116152]
[-0.34285548 -0.12383318  0.34146788  1.36005829],[-0.35150927 -0.15463619  0.32637641  1.36659288],[-0.34397178 -0.16385127  0.32633006  1.34857107],[-0.37032958 -0.20701888 -0.00115096  0.        ],1725718525.177544,[-11.63357396 -63.31122839  -3.71904025  18.55122507]
[-0.32876929 -0.12272341  0.29437641  1.38474761],[-0.35142206 -0.15472341  0.32637641  1.36659288],[-0.34379084 -0.14030582  0.32639863  1.34857107],[0.00361889 0.4709091  0.00137141 0.        ],1725718525.177544,[-36.86813446 -19.99240312   7.52026277  59.60390262]
[-0.36177485 -0.14552977  0.3411643   1.34933118],[-0.35133484 -0.15481062  0.32637641  1.36659288],[-0.34289406 -0.14018117  0.32634118  1.36309356],[ 0.01793546  0.00249292 -0.00114913  0.29044976],1725718525.177544,[ 52.80479365  10.34753482  -3.73328925 -42.13701371]
[-0.37912526 -0.1621311   0.3584637   1.37089362],[-0.35133484 -0.15489791  0.3264637   1.36659288],[-0.35409918 -0.14025833  0.32640975  1.36309356],[-0.22410232 -0.00154311  0.0013714   0.        ],1725718525.1785398,[54.72331191 31.24096599 -7.2255562  20.64605447]
[-0.35550381 -0.12298519  0.32362245  1.33459288],[-0.35133484 -0.15498519  0.32655099  1.36659288],[-0.3682396  -0.14041172  0.32647807  1.36309356],[-0.28280838 -0.00306792  0.00136653  0.        ],1725718525.1785398,[-41.48086291 -28.63697096   0.98012557 -55.04524739]
[-0.31944341 -0.18689791  0.35846377  1.37916315],[-0.35124755 -0.15489791  0.32646377  1.36572015],[-0.36620841 -0.14025982  0.32642046  1.36309356],[ 0.04062384  0.00303801 -0.00115225  0.        ],1725718525.1785398,[-111.13273624   70.74657519   -7.40131003   42.60558109]
[-0.38163179 -0.1397056   0.29437656  1.39684742],[-0.35116026 -0.15481062  0.32637656  1.36484742],[-0.33908149 -0.17655885  0.32648877  1.36309356],[ 0.54253826 -0.72598055  0.00136615  0.        ],1725718525.1795435,[124.08461853 -60.61560034   7.71137425  53.04354898]
[-0.31924755 -0.18286007  0.35828921  1.34889282],[-0.35124755 -0.15472334  0.32628921  1.36135679],[-0.36552427 -0.15848247  0.32643132  1.36539591],[-0.52885555  0.36152761 -0.00114896  0.04604707],1725718525.1795435,[-131.68065974   40.95649161   -7.65355344  -45.9074194 ]
[-0.36320474 -0.17763773  0.35820186  1.37852821],[-0.35133484 -0.15463606  0.32620186  1.35786617],[-0.33841565 -0.15941948  0.3264996   1.36539591],[ 0.54217247 -0.01874016  0.00136559  0.        ],1725718525.1795435,[79.78070376 23.16509544 -6.97292754 31.55962647]
[-0.33427817 -0.12272341  0.3208543   1.32664465],[-0.35150935 -0.15472341  0.32594013  1.35088485],[-0.36474177 -0.15950635  0.32656795  1.36539591],[-0.52652244 -0.00173753  0.00136707  0.        ],1725718525.1795435,[-85.41636977 -56.438463     1.6341572  -76.05578334]
[-0.38368386 -0.1677374   0.30802588  1.37590354],[-0.35168386 -0.15481076  0.32567841  1.34390354],[-0.33796598 -0.14934495  0.32651035  1.35001653],[ 0.53551576  0.20322812 -0.00115216 -0.3075876 ],1725718525.1805344,[125.53538507  32.18798612   4.19531288  65.19722215]
[-0.33704691 -0.15695666  0.33071461  1.30055887],[-0.35203293 -0.15446168  0.32567841  1.33255887],[-0.3643785  -0.14951887  0.32645278  1.37326719],[-0.52825049 -0.00347847 -0.00115141  0.46501314],1725718525.1805344,[ -85.87531314    8.24742339   -1.16688601 -143.30074051]
[-0.34656417 -0.1583817   0.29367841  1.3532142 ],[-0.352382   -0.15411261  0.32567841  1.3212142 ],[-0.33759398 -0.14959586  0.32652143  1.32326719],[ 0.53569055 -0.00153987  0.00137309 -1.        ],1725718525.1805344,[33.03607879 11.79056162  7.59948173 88.80460887]
[-0.35742325 -0.14702248  0.35767841  1.27612424],[-0.35246928 -0.15385075  0.32567841  1.30812424],[-0.33780763 -0.1496732   0.32646398  1.37326719],[-0.00427304 -0.00154673 -0.00114909  1.        ],1725718525.1815314,[  45.18667647   -5.13849256   -7.51287437 -189.23186766]
[-0.33128726 -0.18558889  0.29367841  1.26303429],[-0.35255656 -0.15358889  0.32567841  1.29503429],[-0.34098526 -0.14955314  0.32653227  1.32326719],[-0.06355258  0.00240125  0.00136592 -1.        ],1725718525.1815314,[-31.80665492  53.11328588   7.87365831 -61.79060807]
[-0.38499285 -0.14997975  0.35767841  1.25989365],[-0.35299285 -0.15262903  0.32567841  1.27234501],[-0.34068082 -0.16203207  0.32647483  1.32326719],[ 0.00608882 -0.24957864 -0.00114879  0.        ],1725718525.1815314,[113.87048974 -22.80296603  -7.51048584 -85.16057476]
[-0.38131837 -0.14858444  0.31093059  1.23210081],[-0.35342914 -0.15166916  0.32567841  1.24965572],[-0.36716705 -0.16190294  0.32654313  1.2926499 ],[-0.52972472  0.00258263  0.00136593 -0.6123459 ],1725718525.1825292,[ 17.70500393 -17.76193591   3.9066648  -78.56905314]
[-0.33390317 -0.16158122  0.29367841  1.19409383],[-0.3538655  -0.15053465  0.32567841  1.22609383],[-0.36719991 -0.16177985  0.32648555  1.27218522],[-0.00065713  0.00246176 -0.00115153 -0.40929347],1725718525.1825292,[ -88.26574882    1.6186664     7.39089315 -111.50094825]
[-0.3828109  -0.14327016  0.29367841  1.19529251],[-0.35430187 -0.14940014  0.32567841  1.20253193],[-0.34023048 -0.16185667  0.32642809  1.22218522],[ 0.53938867 -0.00153629 -0.00114929 -1.        ],1725718525.1825292,[118.85832807 -27.17026863   7.20435004 -10.92301249]
[-0.36488885 -0.14622433  0.33658857  1.14522464],[-0.35465094 -0.14835292  0.32567841  1.17722464],[-0.36670448 -0.16171316  0.32637061  1.22218522],[-0.52948013  0.00287006 -0.00114946  0.        ],1725718525.1825292,[ -21.26895902  -20.00117862   -2.68106345 -125.62055351]
[-0.38700002 -0.13989198  0.29367841  1.16986372],[-0.35500002 -0.1473057   0.32567841  1.15191734],[-0.36659745 -0.16158818  0.32643922  1.17218522],[ 0.00214067  0.00249974  0.00137222 -1.        ],1725718525.183526,[ 51.38645432 -29.52887233   7.64060567  32.76238215]
[-0.36135853 -0.12581372  0.33579733  1.08937407],[-0.35569809 -0.14599676  0.32585292  1.12137407],[-0.37608436 -0.16142898  0.32638177  1.17218522],[-0.18973818  0.00318393 -0.00114902  0.        ],1725718525.183526,[ -44.60353017  -49.00757248   -2.49656116 -147.94575321]
[-0.36750088 -0.11966822  0.35643378  1.0821947 ],[-0.35639617 -0.14468782  0.32602742  1.0908308 ],[-0.3727825  -0.15877883  0.32645039  1.12218522],[ 0.06603714  0.05300298  0.00137234 -1.        ],1725718525.183526,[ -7.32134794 -52.1270979   -6.80366871 -32.23358441]
[-0.34431449 -0.14778496  0.30783572  1.09839618],[-0.35683253 -0.14381516  0.32602748  1.06639618],[-0.37258378 -0.15397615  0.32651876  1.12218522],[0.00397435 0.09605364 0.00136738 0.        ],1725718525.183526,[-68.1307653   -3.45304449   4.60082706 -23.62483198]
[-0.34265073 -0.13650512  0.31130941  1.02684012],[-0.3572689  -0.1429425   0.32602754  1.04196155],[-0.34925889 -0.15385608  0.3264612   1.12218522],[ 0.46649789  0.00240134 -0.00115124  0.        ],1725718525.1845236,[  -5.28523416  -24.50312927    3.29779764 -160.20244412]
[-0.38527427 -0.13209867  0.3529223   1.02308159],[-0.35787976 -0.14172078  0.32585303  1.01752695],[-0.34906292 -0.15372303  0.32640361  1.07218522],[ 0.00391941  0.00266094 -0.00115171 -1.        ],1725718525.1845236,[ 92.53549058 -29.15679618  -6.2541495  -42.62088963]
[-0.33404046 -0.13808952  0.35767853  1.00622995],[-0.35849062 -0.14049906  0.32567853  0.99309236],[-0.37577367 -0.15356704  0.32647203  1.07218522],[-0.53421504  0.00311992  0.00136834  0.        ],1725718525.1845236,[-117.90138681  -19.54911472   -6.91268255  -95.14975057]
[-0.35935112 -0.12030474  0.35759125  0.97608254],[-0.3590142  -0.13962641  0.32559125  0.97040308],[-0.34830917 -0.15344264  0.32654039  1.02218522],[ 0.54929005  0.00248785  0.00136718 -1.        ],1725718525.1845236,[ 43.84997804 -46.27383121  -6.82962089 -51.32629106]
[-0.36304123 -0.12411108  0.33296271  0.96997399],[-0.35953778 -0.13875376  0.32550398  0.94771379],[-0.35077403 -0.15188526  0.32660876  1.02218522],[-0.04929725  0.03114773  0.00136736  0.        ],1725718525.1855214,[ 26.12070703 -35.89297497  -1.14892574 -71.85093542]
[-0.34673875 -0.11238461  0.33540029  0.90941598],[-0.36006142 -0.13744468  0.3255039   0.92153385],[-0.35078991 -0.15160979  0.32667741  1.01354133],[-0.00031766  0.0055094   0.00137315 -0.1728779 ],1725718525.1855214,[ -14.88984511  -53.41884791   -1.94291242 -162.36423761]
[-0.36386212 -0.12978683  0.346178    0.92735391],[-0.36058506 -0.13613561  0.32550383  0.89535391],[-0.3506221  -0.14553169  0.32674605  0.96354133],[ 0.00335626  0.121562    0.00137276 -1.        ],1725718525.1855214,[ 34.47745074 -17.41707812  -4.3829752  -15.15717701]
[-0.35820765 -0.14033602  0.3386433   0.88325288],[-0.36102135 -0.13526302  0.3255039   0.87440997],[-0.35093298 -0.14540907  0.3268146   0.96354133],[-0.0062175   0.00245229  0.00137091  0.        ],1725718525.1855214,[  12.85610314   -5.16652531   -2.52567276 -127.14924165]
[-0.39345765 -0.165867    0.33588512  0.82146603],[-0.36145765 -0.13439043  0.32550398  0.85346603],[-0.35097123 -0.14528907  0.32688322  0.91354133],[-7.65128802e-04  2.40003533e-03  1.37245574e-03 -1.00000000e+00],1725718525.1865184,[ 102.65594433   30.84018362   -1.95192431 -127.19707446]
[-0.39338517 -0.10125592  0.30356679  0.84717371],[-0.36198129 -0.13325592  0.3255039   0.82728609],[-0.37774057 -0.14543515  0.32695186  0.86354133],[-0.53538668 -0.00292151  0.00137282 -1.        ],1725718525.1865184,[ 22.13229381 -67.60016333   5.47117566  14.73443526]
[-0.39438773 -0.13865054  0.29350383  0.76910615],[-0.36250493 -0.13212141  0.32550383  0.80110615],[-0.3777585  -0.11482434  0.32689431  0.86354133],[-3.58654010e-04  6.12216117e-01 -1.15094452e-03  0.00000000e+00],1725718525.1865184,[  35.14264119   41.19983406    7.44676207 -162.12685531]
[-0.33735731 -0.13854003  0.33154708  0.80867153],[-0.36302851 -0.13089969  0.32541661  0.77667153],[-0.37813433 -0.11581426  0.32683685  0.81354133],[-0.00751668 -0.01979842 -0.00114939 -1.        ],1725718525.1875172,[-107.81908102   29.84024861   -1.42030705   36.5632456 ]
[-0.33155209 -0.1271983   0.29332939  0.77202405],[-0.36355209 -0.12967797  0.32532939  0.7522369 ],[-0.35059342 -0.11594499  0.3269055   0.81354133],[ 0.55081825 -0.00261464  0.00137309  0.        ],1725718525.1875172,[-31.24120595  13.20967204   7.77266973 -72.39358825]
[-0.35213079 -0.1608926   0.35732939  0.71932196],[-0.36381388 -0.1288926   0.32532939  0.73391095],[-0.35032814 -0.11602259  0.32684805  0.80487615],[ 0.00530566 -0.00155195 -0.00114904 -0.17330358],1725718525.1875172,[  11.97173003   64.04770167   -7.35159518 -134.06924617]
[-0.39607566 -0.11547486  0.35732939  0.69420981],[-0.36407566 -0.12810723  0.32532939  0.71558499],[-0.35036693 -0.1489866   0.32691637  0.75487615],[-7.75740229e-04 -6.59280247e-01  1.36639271e-03 -1.00000000e+00],1725718525.1875172,[112.81269146 -55.47230901  -6.69017708 -68.13340562]
[-0.36315651 -0.12968825  0.29324218  0.7231504 ],[-0.36451203 -0.12697273  0.32524218  0.6911504 ],[-0.37712002 -0.14031164  0.32698475  0.75297548],[-0.53506186  0.17349926  0.00136774 -0.03801334],1725718525.188513,[-52.67072374 -10.74160421   8.07005547 -24.56530654]
[-0.33294839 -0.09383822  0.32909671  0.6347158 ],[-0.36494839 -0.12583822  0.32515496  0.6667158 ],[-0.36789863 -0.14019125  0.32692732  0.75297548],[ 0.18442777  0.00240784 -0.00114872  0.        ],1725718525.188513,[ -81.30637402  -66.30819919   -0.83925956 -198.55138384]
[-0.36208938 -0.12095523  0.32675854  0.64889504],[-0.36538468 -0.12479107  0.32524224  0.64402649],[-0.34128806 -0.11143528  0.32699599  0.70297548],[ 0.53221138  0.57511931  0.00137338 -1.        ],1725718525.188513,[ 65.41858107  20.57627929   0.0764985  -40.58015298]
[-0.35342984 -0.14076231  0.35110274  0.65333718],[-0.36582097 -0.12374391  0.32532951  0.62133718],[-0.3656784  -0.11151734  0.32693836  0.70297548],[-0.48780677 -0.00164107 -0.00115256  0.        ],1725718525.1895099,[-38.60791889  41.43114015  -5.56213476 -63.39033657]
[-0.35911654 -0.09078398  0.33692392  0.60531984],[-0.36617005 -0.12278398  0.32532945  0.60039324],[-0.36442097 -0.11256051  0.32700684  0.70297548],[ 0.0251486  -0.02086343  0.00136955  0.        ],1725718525.1895099,[  -8.35304134  -36.05946407   -2.03814458 -151.95377128]
[-0.37438574 -0.13291649  0.30065228  0.6114493 ],[-0.36651912 -0.12182404  0.32532939  0.5794493 ],[-0.36422636 -0.1122805   0.32707548  0.65297548],[ 0.00389225  0.00560022  0.00137281 -1.        ],1725718525.1895099,[ 27.31967767  33.31977106   6.17941325 -27.87242384]
[-0.3988682  -0.14030277  0.35715489  0.54797402],[-0.3668682  -0.12068953  0.32515489  0.55676001],[-0.36425984 -0.11248629  0.32701795  0.65297548],[-0.0006696  -0.00411588 -0.00115053  0.        ],1725718525.1895099,[  81.95459263   37.74715217   -7.20025202 -169.07006206]
[-0.38689834 -0.10691394  0.31452034  0.56607073],[-0.36721727 -0.11955503  0.32498038  0.53407073],[-0.39134291 -0.11295241  0.32708629  0.60297548],[-0.54166141 -0.0093224   0.00136677 -1.        ],1725718525.190508,[-24.66037479 -12.82422925   3.19495443 -16.02784949]
[-0.39956635 -0.12153547  0.32579311  0.53996372],[-0.36756635 -0.11850787  0.32506767  0.50876348],[-0.39130566 -0.11283198  0.32702869  0.60297548],[ 0.00074499  0.00240871 -0.00115197  0.        ],1725718525.190508,[ 22.26563033  13.6020164    0.15761811 -95.7068855 ]
[-0.33591542 -0.12825389  0.33621447  0.46850911],[-0.36791542 -0.11746072  0.32515496  0.48345622],[-0.39132311 -0.11290966  0.32697106  0.55297548],[-3.49153704e-04 -1.55376401e-03 -1.15256317e-03 -1.00000000e+00],1725718525.190508,[-140.8619545    21.20639065   -2.1391779  -121.79382889]
[-0.35590928 -0.11339117  0.3147988   0.44567799],[-0.3682645  -0.11632621  0.32480589  0.46076694],[-0.36329408 -0.11299262  0.3270397   0.50297548],[ 0.56058072 -0.00165911  0.00137274 -1.        ],1725718525.190508,[  3.46756923  -1.61652679   2.90955923 -62.59161565]
[-0.39943209 -0.09391723  0.30307846  0.4489668 ],[-0.36861357 -0.11519171  0.32445681  0.43807766],[-0.36333562 -0.11287312  0.3269821   0.50297548],[-0.00083086  0.00238992 -0.00115203  0.        ],1725718525.1915047,[ 92.55584809 -27.79643778   5.37636151 -69.71282412]
[-0.39586429 -0.10257292  0.32016564  0.44676787],[-0.36887535 -0.11423177  0.32367131  0.41538838],[-0.39044901 -0.112727    0.32692455  0.49766387],[-0.54226784  0.00292248 -0.00115101 -0.10623225],1725718525.1915047,[ -0.7581912  -12.14155685   1.31414027 -65.68862591]
[-0.37201458 -0.11417728  0.33663816  0.38676437],[-0.36913714 -0.11327183  0.32288581  0.39269909],[-0.39023812 -0.11260671  0.32686693  0.49766387],[ 0.00421797  0.00240582 -0.00115235  0.        ],1725718525.1915047,[ -47.39141566    3.75399795   -2.31629428 -175.18901164]
[-0.40131165 -0.08048647  0.31980331  0.35983307],[-0.36931165 -0.11248647  0.32218774  0.37350045],[-0.3852708  -0.11268356  0.32693556  0.44766387],[ 0.09934632 -0.00153699  0.0013726  -1.        ],1725718525.1915047,[  47.0118285   -47.34109308    1.73948122 -104.86367902]
[-0.34954737 -0.0797011   0.29261569  0.35132555],[-0.36948615 -0.1117011   0.32148966  0.35430181],[-0.38998726 -0.11077666  0.32687795  0.39766387],[-0.09432931  0.03813805 -0.00115227 -1.        ],1725718525.1925046,[-106.75020247  -40.8589492     7.81116596  -41.2501864 ]
[-0.37842743 -0.14282838  0.32339717  0.32040581],[-0.36904986 -0.11082838  0.32070422  0.33161256],[-0.36201871 -0.11020472  0.3268205   0.39766387],[ 0.55937105  0.01143872 -0.00114899  0.        ],1725718525.1925046,[  56.66983257   52.19515192    0.44227477 -116.82210875]
[-0.34230164 -0.10918792  0.31011281  0.30105357],[-0.36861357 -0.10995566  0.31991878  0.3089233 ],[-0.37908057 -0.12086155  0.32676287  0.34766387],[-0.34123716 -0.21313655 -0.00115245 -1.        ],1725718525.1925046,[-97.80261666 -21.75964647   3.79633845 -46.81466165]
[-0.34187956 -0.14117023  0.30387464  0.28055068],[-0.36713006 -0.10917023  0.31930792  0.28972466],[-0.35154159 -0.12073486  0.32670529  0.34766387],[ 0.55077968  0.00253379 -0.00115165  0.        ],1725718525.1934729,[ -9.52041938  31.57783433   5.08504387 -98.43079076]
[-0.35178457 -0.1403848   0.30655275  0.23852602],[-0.36564654 -0.1083848   0.31869707  0.27052602],[-0.35135273 -0.12089502  0.32664774  0.29766387],[ 0.00377705 -0.00320332 -0.00115107 -1.        ],1725718525.1934729,[  4.87549362  25.59093742   4.39332129 -74.2337958 ]
[-0.36721477 -0.1016689   0.28738984  0.22020007],[-0.3631158  -0.10725036  0.31799892  0.25220007],[-0.35139361 -0.12099037  0.32659017  0.28556082],[-0.00081759 -0.0019069  -0.00115137 -0.24206106],1725718525.1934729,[ 39.12345329 -31.06831283   8.81665483 -89.26318096]
[-0.34804374 -0.09320967  0.28530077  0.2649724 ],[-0.36058506 -0.10611591  0.31730077  0.23387411],[-0.35230398 -0.12081644  0.32653279  0.24806717],[-0.0182074   0.00347859 -0.00114757 -0.74987299],1725718525.19447,[-16.80795347 -37.62871164   9.09152472  61.80257387]
[-0.32886907 -0.07802174  0.34318749  0.23105945],[-0.35761797 -0.10515605  0.31616639  0.21642082],[-0.35214874 -0.12047122  0.32647543  0.26612737],[ 0.00310497  0.0069043  -0.00114712  0.36120404],1725718525.19447,[-56.14054738 -58.1611738   -4.2607279  -71.23676212]
[-0.35855034 -0.11524945  0.28303201  0.16696753],[-0.35465088 -0.10419618  0.31503201  0.19896753],[-0.33971079 -0.10736755  0.32654398  0.25909897],[ 0.24875898  0.26207356  0.00137095 -0.14056795],1725718525.19447,[  55.95278519   17.61961615   10.17969305 -149.00398993]
[-0.3680458  -0.10907491  0.34060173  0.21525958],[-0.35116021 -0.10297452  0.31398486  0.18325958],[-0.35539453 -0.10744684  0.32648673  0.20909897],[-0.31367491 -0.0015859  -0.00114506 -1.        ],1725718525.1954672,[24.00543265  1.25250711 -3.6861807  55.31218184]
[-0.35109354 -0.09255738  0.28251161  0.16260335],[-0.34766954 -0.10175286  0.31293771  0.16755162],[-0.35539986 -0.10752366  0.3265553   0.21494129],[-1.06621279e-04 -1.53645301e-03  1.37148469e-03  1.16846472e-01],1725718525.1954672,[-15.67471401 -22.13445714  10.27585124 -97.16538696]
[-0.34733735 -0.07297674  0.28929601  0.16311054],[-0.34356807 -0.10105465  0.31232677  0.15882497],[-0.35523591 -0.10739652  0.32649806  0.16494129],[ 0.00327901  0.00254298 -0.00114485 -1.        ],1725718525.1954672,[-17.92190432 -48.22296409   8.11548745  21.8268564 ]
[-0.3074666  -0.13235643  0.27971584  0.15501691],[-0.3394666  -0.10035643  0.31171584  0.15009832],[-0.35508959 -0.1051341   0.32644064  0.16494129],[ 0.00292645  0.04524829 -0.00114849  0.        ],1725718525.1954672,[-115.1675774    44.77048579   10.37544415  -16.98513636]
[-0.30118341 -0.13235643  0.29553678  0.175117  ],[-0.33318341 -0.10035643  0.31197764  0.143117  ],[-0.32833706 -0.10737228  0.32638341  0.16494129],[ 0.53505061 -0.04476363 -0.00114457  0.        ],1725718525.1964645,[-48.69439957  32.65820816   6.62620685  23.07998254]
[-0.29490021 -0.06835643  0.31619181  0.11506125],[-0.32690021 -0.10035643  0.31223944  0.13613568],[-0.32288825 -0.10755841  0.32632591  0.16494129],[ 0.10897608 -0.00372258 -0.00114995  0.        ],1725718525.1964645,[-58.82342164 -60.94833997   2.02071925 -94.6684134 ]
[-0.29632726 -0.13130928  0.34275592  0.10067426],[-0.31826077 -0.09930928  0.31075592  0.13264503],[-0.30816897 -0.08894214  0.32626831  0.11494129],[ 0.29438568  0.37232549 -0.00115199 -1.        ],1725718525.1964645,[-18.39397133  67.61837343  -3.89562168  -1.7382351 ]
[-0.32048154 -0.06626212  0.34127241  0.13313511],[-0.30962133 -0.09826212  0.30927241  0.12915437],[-0.30803498 -0.12430026  0.32633687  0.11494129],[ 0.00267988 -0.70716252  0.00137123  0.        ],1725718525.1964645,[ 35.57317677 -91.00444501  -3.27017307  39.59703856]
[-0.33341833 -0.08282487  0.34188319  0.16115437],[-0.30141833 -0.09747669  0.30988319  0.12915437],[-0.30842254 -0.08632381  0.32640546  0.11494129],[-0.00775128  0.75952908  0.00137178  0.        ],1725718525.1974618,[57.18058585  3.20014383 -3.41056614 74.45050499]
[-0.28262959 -0.06469126  0.34249398  0.14569681],[-0.29321533 -0.09669126  0.31049398  0.12915437],[-0.32523298 -0.08640071  0.32647405  0.15395486],[-0.33620872 -0.00153809  0.00137169  0.78027139],1725718525.1974618,[-115.64811215  -31.26714114   -3.52985001  -37.04677769]
[-0.25039432 -0.07662949  0.3233641   0.10706936],[-0.28239432 -0.09538225  0.30962139  0.13002703],[-0.29943451 -0.08622487  0.32654263  0.15395486],[0.51596942 0.00351689 0.00137161 0.        ],1725718525.1974618,[-105.02751313  -10.92922977    0.89279518  -80.43004681]
[-0.28785842 -0.11690094  0.31099071  0.15350125],[-0.27157331 -0.09407324  0.30874881  0.1308997 ],[-0.27440656 -0.08610503  0.32648501  0.13168141],[ 0.50055895  0.00239686 -0.00115228 -0.44546915],1725718525.1984591,[52.71126452 46.4410969   3.53289043 61.78077156]
[-0.23096397 -0.06798854  0.33970153  0.1628997 ],[-0.26118857 -0.09363688  0.30770153  0.1308997 ],[-0.28475521 -0.08937485  0.32642743  0.14974652],[-0.20697304 -0.06539651 -0.00115164  0.36130223],1725718525.1984591,[-138.89057109  -35.71077789   -3.21028704   13.20219753]
[-0.27306916 -0.06120052  0.31704405  0.15109905],[-0.25080383 -0.09320052  0.30665424  0.1308997 ],[-0.26012119 -0.08910701  0.32649602  0.14974652],[0.49268044 0.00535691 0.00137185 0.        ],1725718525.1984591,[ 53.32981131 -37.77129409   2.3085125   -3.87896227]
[-0.21101774 -0.12432787  0.33655993  0.1415882 ],[-0.23980824 -0.09232787  0.30455993  0.13177236],[-0.27114778 -0.08875563  0.32643842  0.14974652],[-0.22053185  0.00702753 -0.00115199  0.        ],1725718525.1994565,[-154.43528164   56.05566264   -2.42403237  -15.33418781]
[-0.26081265 -0.11327872  0.3023242   0.13750288],[-0.22881265 -0.09145521  0.30246562  0.13264503],[-0.24687528 -0.10786162  0.32650704  0.14974652],[ 0.4854501  -0.38211977  0.00137241  0.        ],1725718525.1994565,[ 58.28204438   2.82753174   5.66601393 -18.12256109]
[-0.23289901 -0.05736077  0.30507189  0.1026857 ],[-0.21711898 -0.08936077  0.30141833  0.13264503],[-0.26399819 -0.10793846  0.32644951  0.14974652],[-0.34245819 -0.00153684 -0.00115067  0.        ],1725718525.1994565,[-82.72366872 -74.78996388   4.67479946 -78.83252916]
[-0.23742531 -0.07214334  0.33237105  0.10064503],[-0.20542531 -0.08726633  0.30037105  0.13264503],[-0.24032295 -0.07181774  0.32639195  0.12916525],[ 0.47350463  0.7224143  -0.00115118 -0.41162526],1725718525.20048,[  5.04403976   7.72727825  -1.59115757 -28.74721725]
[-0.18346773 -0.09524995  0.31916143  0.12266884],[-0.19460422 -0.08770269  0.3008074   0.13264503],[-0.24035964 -0.07189485  0.32646059  0.12916525],[-0.00073377 -0.00154203  0.00137287  0.        ],1725718525.20048,[-140.15623185   34.13024766    1.73966084    1.99615624]
[-0.18785369 -0.12013905  0.3274297   0.16464503],[-0.18378313 -0.08813905  0.30124375  0.13264503],[-0.2168521  -0.07212999  0.32640299  0.12916525],[ 0.47015088 -0.00470295 -0.0011521   0.        ],1725718525.20048,[-49.6277988   66.90634412  -0.30980035  66.98186987]
[-0.13885015 -0.10411602  0.28049848  0.09977236],[-0.17078044 -0.0872664   0.30028382  0.13177236],[-0.21141988 -0.10717695  0.32647166  0.1559587 ],[ 0.1086443  -0.70093908  0.00137343  0.53586895],1725718525.20048,[-168.82041756  -11.36182444   10.58785861 -118.16570219]
[-0.12577776 -0.07979985  0.27763724  0.12978105],[-0.15777776 -0.08639374  0.29932389  0.1308997 ],[-0.18856818 -0.10705685  0.32641446  0.1059587 ],[ 0.45703402  0.00240191 -0.00114407 -1.        ],1725718525.201477,[-127.38285523  -39.44798585   10.75925321   69.84967669]
[-0.1781713  -0.11778295  0.3304513   0.11339421],[-0.1461713  -0.08578295  0.2984513   0.13002703],[-0.16619468 -0.10660359  0.32635728  0.13799007],[ 0.44747006  0.00906515 -0.00114362  0.64062729],1725718525.201477,[ 54.45944956  20.26698272  -1.4336283  -55.70727771]
[-0.15810043 -0.05665816  0.30815231  0.10954955],[-0.13456485 -0.08517215  0.29757872  0.12915437],[-0.17776476 -0.10668526  0.32642592  0.13799007],[-0.23140154 -0.00163338  0.00137293  0.        ],1725718525.201477,[-53.55233107 -74.81033679   4.2456613  -39.38692267]
[-0.11411323 -0.11394913  0.32888057  0.14824346],[-0.12391832 -0.0847358   0.29688057  0.12915437],[-0.16962966 -0.07056051  0.32636836  0.13799007],[ 0.16270201  0.72249517 -0.00115135  0.        ],1725718525.2024748,[-130.14071093   70.6650622    -0.76220904   32.10755821]
[-0.10280851 -0.07940143  0.26418242  0.09715437],[-0.1132718  -0.08429944  0.29618242  0.12915437],[-0.14762701 -0.10691117  0.32643702  0.13799007],[ 0.44005289 -0.72701329  0.00137324  0.        ],1725718525.2024748,[-89.4599629  -46.4768527   14.34886008 -78.42588293]
[-0.06800733 -0.10394737  0.29466696  0.12485602],[-0.10000733 -0.08246685  0.29400076  0.12828171],[-0.12615853 -0.10529929  0.32638065  0.11910023],[ 0.42936962  0.03223765 -0.00112735 -0.37779676],1725718525.2024748,[-126.78376228    1.96545774    6.66915944   29.96156313]
[-0.10613769 -0.08164181  0.30686581  0.11521594],[-0.08674286 -0.08063426  0.2918191   0.12740904],[-0.10492883 -0.10537612  0.32632315  0.11910023],[ 0.42459411 -0.0015367  -0.00114991  0.        ],1725718525.2024748,[ 25.89066159 -34.5380289    4.15707221  -9.75450389]
[-0.04277758 -0.05114265  0.27752826  0.15442315],[-0.07391468 -0.08185598  0.29234268  0.12566371],[-0.10493937 -0.10514136  0.32626559  0.11910023],[-0.00021099  0.00469517 -0.00115135  0.        ],1725718525.2034724,[-154.86083969  -75.61701067   11.01735482   65.44571954]
[-0.05083009 -0.07920272  0.32486626  0.13812651],[-0.0610865  -0.08307771  0.29286626  0.12391838],[-0.08405007 -0.06873604  0.32620844  0.14240281],[ 0.41778611  0.72810649 -0.00114287  0.4660516 ],1725718525.2034724,[-58.03824855  23.05778478  -0.18246269 -24.65233238]
[-0.05481934 -0.1103502   0.2671117   0.1287304 ],[-0.04703659 -0.08299049  0.29225546  0.12304571],[-0.07290906 -0.0688228   0.32627711  0.14240281],[ 0.22282028 -0.00173529  0.00137342  0.        ],1725718525.2034724,[-31.85223335  59.26902975  13.59924935 -22.5577113 ]
[-0.03233591 -0.09781451  0.31253995  0.09017305],[-0.03298669 -0.08290327  0.29164466  0.12217305],[-0.07266991 -0.0949876   0.32622051  0.14240281],[ 0.00478292 -0.52329586 -0.00113218  0.        ],1725718525.2044697,[-93.05341951  -1.81656987   2.55123367 -87.45081137]
[-0.05154764 -0.06919506  0.25763745  0.15242772],[-0.01954764 -0.08281599  0.28963745  0.12042772],[-0.05232786 -0.09486827  0.32616291  0.1082798 ],[ 0.40684106  0.00238655 -0.00115183 -0.6824601 ],1725718525.2044697,[ 13.93772385 -37.97441852  15.62843955 104.5365357 ]
[ 0.01376821 -0.09488718  0.30776651  0.13446986],[-0.0061086  -0.0827287   0.28763023  0.11868239],[-0.052357   -0.09450633  0.32610711  0.1582798 ],[-5.82860003e-04  7.23883694e-03 -1.11610077e-03  1.00000000e+00],1725718525.2044697,[-163.92148694    4.23783913    3.52906761  -64.04888917]
[ 0.01156263 -0.04898333  0.29344026  0.12104533],[ 0.00785402 -0.08098333  0.28859016  0.1160644 ],[-0.03222188 -0.09458323  0.32604953  0.1582798 ],[ 0.40270241 -0.00153799 -0.00115151  0.        ],1725718525.2044697,[-82.71632361 -66.78365958   7.31786837 -55.59327577]
[ 0.03202958 -0.04723797  0.2575501   0.11803482],[ 0.02181664 -0.07923797  0.2895501   0.1134464 ],[-0.01268651 -0.06524202  0.32599207  0.1582798 ],[ 0.39070747  0.58682409 -0.00114921  0.        ],1725718525.2054672,[-93.82329977 -19.80921295  15.4184286  -54.56842053]
[ 0.05791818 -0.11141253  0.25467028  0.12663399],[ 0.02591818 -0.07941253  0.28667028  0.1108284 ],[ 0.00689395 -0.06511831  0.32593616  0.1582798 ],[ 0.39160905  0.00247429 -0.00111816  0.        ],1725718525.2054672,[-109.12352605   70.32618126   15.70695907  -37.6448729 ]
[ 0.0391124  -0.1115871   0.31579047  0.14021041],[ 0.03001971 -0.0795871   0.28379047  0.10821041],[ 0.02630489 -0.10140408  0.32588041  0.1582798 ],[ 0.38821885 -0.72571542 -0.0011152   0.        ],1725718525.2054672,[-11.72559379   8.26468855   1.60313234 -17.33492189]
[ 0.0655976  -0.09634602  0.2492598   0.10176906],[ 0.0335976  -0.08194327  0.2812598   0.10297442],[ 0.02643635 -0.10148111  0.32582281  0.1582798 ],[ 0.00262912 -0.00154069 -0.00115192  0.        ],1725718525.2054672,[-92.21986093  -8.97433474  17.51390943 -93.04602527]
[ 0.03978349 -0.10113801  0.26523165  0.1214499 ],[ 0.03717549 -0.08429944  0.27872914  0.09773844],[ 0.04556596 -0.10136138  0.32576831  0.1082798 ],[ 0.38259225  0.00239475 -0.00109004 -1.        ],1725718525.2064652,[29.77520358  0.4092987  13.15651804 50.83133176]
[ 0.06579527 -0.07935019  0.24821266  0.10003857],[ 0.0494801  -0.09206615  0.28021266  0.09337511],[ 0.0455028  -0.1014382   0.32571159  0.1082798 ],[-0.00126324 -0.00153656 -0.00113443  0.        ],1725718525.2064652,[-52.67437766 -32.29068795  17.2207443  -21.15586474]
[ 0.0937847  -0.11343345  0.2946905   0.06397636],[ 0.0617847  -0.09983286  0.28169617  0.08901179],[ 0.05187615 -0.10124805  0.32565684  0.1082798 ],[ 0.12746702  0.00380308 -0.001095    0.        ],1725718525.2064652,[-96.09696321  20.99816024   6.34354628 -75.79041232]
[ 0.08173987 -0.09022258  0.26090666  0.05226401],[ 0.07670726 -0.10978129  0.28003822  0.08115781],[ 0.07078151 -0.10133072  0.32559934  0.09277218],[ 0.37810718 -0.00165332 -0.0011499  -0.31015241],1725718525.2064652,[-10.72099256 -18.00209773  14.57235192 -51.6490606 ]
[ 0.123206   -0.08772973  0.28058411  0.06665431],[ 0.09162981 -0.11972973  0.27838027  0.07330383],[ 0.07091223 -0.10120825  0.32554307  0.09277218],[ 0.0026145   0.00244928 -0.00112539  0.        ],1725718525.2074623,[-125.56360192  -18.13147175    9.69205604  -27.56824589]
[ 0.12757744 -0.15975816  0.27270997  0.07560907],[ 0.10410892 -0.12775816  0.27776934  0.06806784],[ 0.08967481 -0.1010857   0.32548579  0.09277218],[ 0.37525169  0.00245107 -0.0011457   0.        ],1725718525.2074623,[-73.55212535  87.79121434  11.68947239 -18.35702869]
[ 0.08458803 -0.12016836  0.28540765  0.05743413],[ 0.11658803 -0.13578659  0.27715841  0.06283185],[ 0.10699005 -0.13825557  0.32542876  0.09277218],[ 0.34630475 -0.74339742 -0.00114051  0.        ],1725718525.2074623,[ 70.55614439 -34.87938847   8.67607696 -55.37020598]
[ 0.14108421 -0.11443312  0.26644763  0.06192574],[ 0.12775812 -0.14643312  0.27637304  0.05585053],[ 0.08833863 -0.13801117  0.32537139  0.09277218],[-0.37302855  0.00488798 -0.00114736  0.        ],1725718525.2084587,[-139.81636639  -31.91020095   13.15376713  -38.5613296 ]
[ 0.12964422 -0.1723804   0.27732215  0.03290704],[ 0.13892822 -0.15707964  0.27558768  0.04886922],[ 0.10694175 -0.137826    0.32531468  0.09277218],[ 0.37206245  0.00370349 -0.0011343   0.        ],1725718525.2084587,[-35.62318831  53.94568199  10.44816932 -92.9509591 ]
[ 0.17590094 -0.16742299  0.24367489  0.0738879 ],[ 0.14896388 -0.1713914   0.27567489  0.0418879 ],[ 0.10743674 -0.15208437  0.32525748  0.04277218],[ 0.00989987 -0.28516738 -0.001144   -1.        ],1725718525.2084587,[-161.10198276   17.49220565   18.28675588   84.7435619 ]
[ 0.14839887 -0.21770316  0.28697185  0.00290658],[ 0.15899953 -0.18570316  0.27576211  0.03490658],[ 0.12587234 -0.15216356  0.32520375  0.09277218],[ 0.36871203 -0.00158381 -0.00107449  1.        ],1725718525.2084587,[ -28.99938816   93.70908826    7.97404294 -176.69362098]
[ 0.18412158 -0.23378029  0.27777884  0.05296408],[ 0.17086778 -0.2030691   0.27392946  0.02879793],[ 0.12596005 -0.18932434  0.32514634  0.04277218],[ 0.00175413 -0.74321574 -0.0011482  -1.        ],1725718525.2094464,[-135.58353526   55.65929771   10.5129375    61.48090012]
[ 0.18471636 -0.22441819  0.24009681 -0.00931072],[ 0.18273602 -0.22043504  0.27209681  0.02268928],[ 0.14424001 -0.20750987  0.32508915  0.0590954 ],[ 0.36559924 -0.36371047 -0.00114378  0.32646431],1725718525.2094464,[ -77.63468556   18.36975323   19.07757326 -128.02312413]
[ 0.19970765 -0.25462604  0.28483329  0.00401804],[ 0.19277164 -0.23736479  0.26616275  0.01919862],[ 0.16169529 -0.20758983  0.32503641  0.0090954 ],[ 0.34910555 -0.00159921 -0.00105482 -1.        ],1725718525.2094464,[-78.47601879  66.40694007   8.39321113  23.69569149]
[ 0.17080726 -0.26854404  0.29222869  0.04770796],[ 0.20280726 -0.25429454  0.26022869  0.01570796],[ 0.17910065 -0.24237875  0.32497903  0.0090954 ],[ 0.34810717 -0.69577837 -0.00114761  0.        ],1725718525.2104537,[35.55911691 31.54613005  7.12995038 71.93974771]
[ 0.24724532 -0.29105266  0.24213597  0.0468353 ],[ 0.21642084 -0.28056173  0.25298556  0.0148353 ],[ 0.17881984 -0.24253906  0.32492158  0.04462214],[-0.0056161  -0.00320622 -0.001149    0.71053484],1725718525.2104537,[-173.20578461   67.24180739   18.71718991  -14.55034669]
[ 0.2035749  -0.30551335  0.25598003  0.01971513],[ 0.23003443 -0.30682892  0.24574243  0.01396263],[ 0.19668878 -0.27787135  0.32486837  0.04462214],[ 0.35737877 -0.70664585 -0.00106425  0.        ],1725718525.2104537,[  9.82990587  33.49529145  15.01535119 -45.89493923]
[ 0.21999353 -0.33559316  0.20030331  0.04104322],[ 0.23928465 -0.32672566  0.23230331  0.0148353 ],[ 0.19666127 -0.27808491  0.32481229  0.04462214],[-0.00055029 -0.00427129 -0.0011215   0.        ],1725718525.2104537,[-55.23763961  80.19250912  27.95263169   5.51330511]
[ 0.23679896 -0.31462241  0.23514905  0.02725343],[ 0.24853487 -0.34662241  0.2188642   0.01570796],[ 0.20431063 -0.31552186  0.32480925  0.04462214],[ 1.52987256e-01 -7.48739003e-01 -6.09264864e-05  0.00000000e+00],1725718525.2114527,[-71.50444542  -9.56060992  19.37396775 -29.54579889]
[ 0.23238414 -0.36570882  0.17333801 -0.01367404],[ 0.25795967 -0.36861359  0.20533801  0.01832596],[ 0.22036446 -0.31539711  0.32475694  0.04462214],[ 0.32107667  0.002495   -0.00104616  0.        ],1725718525.2114527,[-17.06466471  73.75308049  33.93469294 -96.5961471 ]
[ 0.26104409 -0.36965723  0.21814148 -0.01105605],[ 0.26738447 -0.39060476  0.19181181  0.02094395],[ 0.22046545 -0.35274048  0.32448388 -0.00537786],[ 0.0020198  -0.74686727 -0.00546129 -1.        ],1725718525.2114527,[-96.05016794  17.54261219  22.94095486  17.76143024]
[ 0.30614133 -0.42925744  0.17099404 -0.00756539],[ 0.27506389 -0.41224675  0.18116516  0.02443461],[ 0.23800181 -0.35282164  0.32444088 -0.00537786],[ 0.3507271  -0.0016233  -0.00085992  0.        ],1725718525.2114527,[-153.2595555   109.4279049    34.23311791   -1.2120239 ]
[ 0.29307803 -0.43055533  0.17319898  0.05992527],[ 0.2827433  -0.43388873  0.1705185   0.02792527],[ 0.2554584  -0.3908976   0.32413874 -0.00537786],[ 0.34913189 -0.76151909 -0.00604288  0.        ],1725718525.2124493,[-66.61239089  47.07570542  33.18147497 118.59564406]
[ 0.25885909 -0.47419374  0.18742158 -0.0023294 ],[ 0.29085909 -0.45561819  0.15542158  0.0296706 ],[ 0.26968211 -0.39479385  0.32392918  0.04462214],[ 0.28447414 -0.077925   -0.00419121  1.        ],1725718525.2124493,[  41.68714043  110.50529853   29.88619536 -115.85828061]
[ 0.31622402 -0.48938095  0.1270601   0.05639136],[ 0.29897487 -0.47734764  0.14032465  0.03141592],[ 0.26861386 -0.433325    0.32388179 -0.00537786],[-2.13649416e-02 -7.70623025e-01 -9.47697087e-04 -1.00000000e+00],1725718525.2124493,[-122.5045334    70.64726729   43.90873846  133.72133745]
[ 0.28942247 -0.50765552  0.11679301  0.01950205],[ 0.30682887 -0.50230579  0.12976535  0.03316125],[ 0.28587336 -0.47145159  0.31872413  0.04462214],[ 0.34519002 -0.76253193 -0.10315329  1.        ],1725718525.2124493,[  9.92479956  44.94319343  44.47634765 -74.8653812 ]
[ 0.28268287 -0.53195473  0.1346049   0.02486797],[ 0.31468287 -0.52726394  0.11920605  0.03490658],[ 0.28584665 -0.4739366   0.31274538  0.03080065],[-0.0005343  -0.04970015 -0.11957491 -0.2764298 ],1725718525.2134452,[ 9.25448432 79.71121678 38.95109546  1.3788233 ]
[ 0.30771316 -0.56374029  0.10991118  0.04726662],[ 0.32340951 -0.55204758  0.11292285  0.03403392],[ 0.28581978 -0.51356506  0.31145326  0.03080065],[-5.37355471e-04 -7.92569206e-01 -2.58423903e-02  0.00000000e+00],1725718525.2134452,[-55.61965343  65.10694846  44.57514655  32.4864278 ]
[ 0.32503099 -0.60371736  0.13863966  0.04297265],[ 0.33213615 -0.57683122  0.10663966  0.03316126],[ 0.29347246 -0.55047545  0.30533229  0.03080065],[ 0.15305358 -0.73820775 -0.1224194   0.        ],1725718525.2134452,[-69.76153312  70.71895935  36.32109606  14.00593993]
[ 0.37199015 -0.57918861  0.08704253  0.03404818],[ 0.33999015 -0.59960786  0.10672688  0.03228859],[ 0.30856336 -0.59089735  0.30474503  0.03080065],[ 0.30181796 -0.80843808 -0.01174524  0.        ],1725718525.2134452,[-1.45105355e+02 -2.47668648e+01  4.84087288e+01  2.99154284e-03]
[ 0.31584415 -0.60487832  0.085304    0.0132424 ],[ 0.34784415 -0.62238449  0.10681409  0.03141592],[ 0.32558275 -0.59073458  0.28929835  0.03080065],[ 0.34038792  0.00325544 -0.30893364  0.        ],1725718525.2144423,[ 49.15157354  22.37594346  44.74057768 -33.16366591]
[ 0.36894851 -0.61551714  0.07533767  0.02861689],[ 0.35735616 -0.64751714  0.10733767  0.02879793],[ 0.3211914  -0.59083183  0.28295141  0.03080065],[-0.08782714 -0.00194503 -0.12693875  0.        ],1725718525.2144423,[-122.44267517   34.09585189   45.71150555    4.49718474]
[ 0.38185934 -0.7046498   0.09258166  0.01563278],[ 0.36686817 -0.6726498   0.10786125  0.02617994],[ 0.33813784 -0.59109872  0.27483569  0.03080065],[ 0.33892893 -0.00533772 -0.16231439  0.        ],1725718525.2144423,[-89.78950911 162.62722468  39.84025992 -26.25396506]
[ 0.34254763 -0.67818654  0.07717033 -0.00843805],[ 0.37454763 -0.68870687  0.10917033  0.02356195],[ 0.35489415 -0.63360477  0.27318454  0.03080065],[ 0.33512615 -0.85012106 -0.03302301  0.        ],1725718525.2144423,[ 47.8725976   48.96049602  43.26182891 -63.34908781]
[ 0.35022709 -0.71820286  0.11488305  0.03618883],[ 0.38222709 -0.70476395  0.11047941  0.02094395],[ 0.35139248 -0.64028384  0.26891132  0.03080065],[-0.07003339 -0.13358136 -0.08546444  0.        ],1725718525.2154396,[ -1.96523316 107.6323417   33.46299978  28.53330193]
[ 0.3562485  -0.69530581  0.1271357   0.03336783],[ 0.3882485  -0.71453777  0.11362087  0.01832596],[ 0.35151837 -0.68439407  0.26868343  0.03080065],[ 0.00251776 -0.88220456 -0.00455783  0.        ],1725718525.2154396,[-12.20645831   4.797339    31.01469668   2.03459371]
[ 0.37163157 -0.74312751  0.11381709  0.00439656],[ 0.39426991 -0.72431159  0.11676233  0.01570796],[ 0.35163212 -0.6844888   0.26859787  0.03080065],[ 0.00227505 -0.00189463 -0.00171108  0.        ],1725718525.2154396,[-47.80885994  84.24523626  34.18516191 -48.75961485]
[ 0.40025361 -0.74813238  0.10410114  0.0018759 ],[ 0.39732422 -0.72954756  0.12575077  0.01658063],[ 0.35477981 -0.73026233  0.26830553  0.03080065],[ 0.06295378 -0.91547062 -0.00584679  0.        ],1725718525.2154396,[-105.06694002   17.74386936   36.21995669  -39.3905935 ]
[ 0.36837853 -0.7282306   0.12618149  0.04190087],[ 0.40037853 -0.73478353  0.13473921  0.01745329],[ 0.37153448 -0.7303645   0.26774259  0.03080065],[ 0.33509344 -0.00204348 -0.01125888  0.        ],1725718525.2164364,[25.73662156 -5.68451612 30.91519652 33.86427201]
[ 0.38281444 -0.76887789  0.17050656  0.0120014 ],[ 0.40221111 -0.73687789  0.15515966  0.01658063],[ 0.37152707 -0.73019414  0.26766101  0.03080065],[-0.00014819  0.00340719 -0.00163152  0.        ],1725718525.2164364,[-29.27549162  56.91415905  20.92636113 -39.16675517]
[ 0.4360437  -0.74103051  0.20758011  0.04770796],[ 0.4040437  -0.73897225  0.17558011  0.01570796],[ 0.37161619 -0.75732567  0.26761249  0.03080065],[ 0.00178228 -0.54263043 -0.00097051  0.        ],1725718525.2164364,[-155.5694749   -29.39138501   12.83293135   39.45680232]
[ 0.39691183 -0.70671058  0.18216194  0.02318177],[ 0.40613812 -0.73871058  0.20891596  0.0148353 ],[ 0.38829275 -0.75709356  0.26755667  0.03080065],[ 0.33353118  0.00464215 -0.00111628  0.        ],1725718525.2174342,[  3.95230405 -71.39235863  19.04249441 -21.82950167]
[ 0.42650307 -0.70644892  0.21256024 -0.01259708],[ 0.40823254 -0.73844892  0.24225181  0.01396263],[ 0.38826594 -0.70645917  0.26750479  0.03080065],[-5.36084649e-04  1.01268771e+00 -1.03764189e-03  0.00000000e+00],1725718525.2174342,[-91.57325812   7.2078959   11.78086307 -74.4588523 ]
[ 0.43585622 -0.76252109  0.31247444  0.01780091],[ 0.40840708 -0.73853609  0.28047444  0.01396263],[ 0.40478839 -0.70655597  0.26744877  0.01867037],[ 0.33044903 -0.00193591 -0.00112045 -0.24260552],1725718525.2174342,[-62.10991318  81.89858983 -10.91334751  19.26587538]
[ 0.44058161 -0.77062326  0.28669707 -0.01803737],[ 0.40858161 -0.73862326  0.31869707  0.01396263],[ 0.41621476 -0.7532463   0.26751565  0.01867037],[ 0.22852738 -0.93380656  0.00133762  0.        ],1725718525.2174342,[-48.28921984  17.40559498  -3.95940146 -65.65658922]
[ 0.40187831 -0.74146912  0.33313426 -0.00327943],[ 0.4077962  -0.73897237  0.36067234  0.01396263],[ 0.41950339 -0.75335063  0.26758339  0.01867037],[ 0.06577259 -0.00208672  0.00135488  0.        ],1725718525.2184315,[ 53.36443897 -19.87809894 -14.88859529 -21.88992835]
[ 0.39624356 -0.76471274  0.39788806  0.02149745],[ 0.40701079 -0.73932147  0.40264761  0.01396263],[ 0.41163655 -0.75316827  0.26764849  0.01867037],[-0.15733677  0.0036473   0.00130189  0.        ],1725718525.2184315,[ 31.292814    18.5970481  -29.30476893  15.62464187]
[ 0.43953438 -0.70627434  0.47740814  0.00447537],[ 0.40753438 -0.73827434  0.44540814  0.01396263],[ 0.41154844 -0.75327369  0.26768594  0.01867037],[-0.00176224 -0.00210844  0.00074905  0.        ],1725718525.2184315,[-75.56455233 -70.43199045 -46.94006794 -26.90800938]
[ 0.39367545 -0.74406793  0.51828459  0.03405928],[ 0.40805796 -0.7372272   0.48816866  0.01396263],[ 0.42719388 -0.70401549  0.27519419  0.01867037],[0.31290886 0.98516402 0.15016506 0.        ],1725718525.2184315,[ 94.2616519   65.34896698 -53.81623986  34.51363418]
[ 0.39959604 -0.76634737  0.51318608 -0.0171647 ],[ 0.40805796 -0.73434737  0.51574489  0.0148353 ],[ 0.40983033 -0.7467308   0.3008793   0.01867037],[-0.34727107 -0.85430631  0.51370216  0.        ],1725718525.2194302,[ 12.22503612  22.96418393 -46.39719297 -71.88981148]
[ 0.43487547 -0.71762721  0.53271323  0.0173914 ],[ 0.40805796 -0.73146755  0.54332113  0.01570796],[ 0.40980515 -0.7468439   0.30758752  0.00992411],[-0.00050353 -0.00226195  0.13416431 -0.1749253 ],1725718525.2194302,[-66.29284689 -45.56677025 -49.6568723   30.64195573]
[ 0.41932698 -0.7103528   0.5833555  -0.01629204],[ 0.40762164 -0.72623155  0.57403883  0.01570796],[ 0.42320791 -0.74487407  0.32078144  0.00992411],[0.26805516 0.03939657 0.26387847 0.        ],1725718525.2194302,[ 19.50634411 -46.32854949 -58.14377228 -50.77336223]
[ 0.37588985 -0.68899555  0.62855578  0.02312244],[ 0.40718532 -0.72099555  0.60475653  0.01570796],[ 0.42318979 -0.74259902  0.36031196  0.00992411],[-3.62348378e-04  4.55010451e-02  7.90610418e-01  0.00000000e+00],1725718525.2204285,[115.94660783 -73.49221199 -59.0707909   36.34074961]
[ 0.43892352 -0.71273807  0.65691518  0.03460513],[ 0.40692352 -0.71322882  0.62491518  0.01570796],[ 0.4058088  -0.6911191   0.40254739  0.00992411],[-0.34761997  1.02959848  0.84470865  0.        ],1725718525.2204285,[-100.86098105   39.32093457  -55.82104322   38.09064278]
[ 0.43866172 -0.68030533  0.61307383  0.02685157],[ 0.40666172 -0.7054621   0.64507383  0.01570796],[ 0.42230397 -0.69192733  0.43583795  0.00992411],[ 0.3299035  -0.01616469  0.66581119  0.        ],1725718525.2204285,[-27.5921491  -20.10647356 -38.21440355  18.62253432]
[ 0.43866172 -0.71598057  0.65167247  0.00784899],[ 0.40666172 -0.69708446  0.66837382  0.0148353 ],[ 0.42234257 -0.69175841  0.43677707  0.00992411],[0.00077205 0.00337833 0.01878227 0.        ],1725718525.2204285,[-34.09182096  37.1118678  -47.65659628 -11.86040271]
[ 0.37466172 -0.69122376  0.68000235  0.03025923],[ 0.40666172 -0.68870682  0.69167382  0.01396263],[ 0.42266584 -0.69226612  0.44589256  0.00992411],[ 0.00646534 -0.01015403  0.18230991  0.        ],1725718525.2214231,[125.64625097  -4.99783386 -51.69783446  37.59927334]
[ 0.37474898 -0.65059823  0.7390328   0.04544449],[ 0.40674898 -0.68259823  0.7070328   0.01396263],[ 0.40528288 -0.69210369  0.46550712  0.00992411],[-0.34765918  0.00324844  0.39229119  0.        ],1725718525.2214231,[ 56.93957375 -60.58799928 -60.57296147  54.17582894]
[ 0.39273576 -0.67437884  0.69088759 -0.01217728],[ 0.40683624 -0.67648965  0.72239178  0.01396263],[ 0.39405163 -0.66781944  0.51228928  0.01402919],[-0.22462506  0.48568506  0.93564314  0.08210159],1725718525.2214231,[ -8.75004215  15.54898199 -38.33476108 -64.2214206 ]
[ 0.40436142 -0.68146236  0.77149593  0.03626525],[ 0.40561451 -0.67046824  0.73949593  0.0148353 ],[ 0.3941702  -0.66791449  0.51328271  0.01402919],[ 0.00237142 -0.00190088  0.01986854  0.        ],1725718525.2214231,[-25.82884579  18.88505655 -57.60942846  52.60401985]
[ 0.37239278 -0.69195618  0.76748368 -0.00668562],[ 0.40439278 -0.66444683  0.75660008  0.01570796],[ 0.39417118 -0.66801192  0.55347187  0.01638845],[ 1.96052459e-05 -1.94861282e-03  8.03783242e-01  4.71852019e-02],1725718525.2224205,[ 58.10010103  33.09685229 -46.63704833 -52.20663315]
[ 0.4277491  -0.62703637  0.78436247  0.01864313],[ 0.40290926 -0.65903637  0.77239543  0.01570796],[ 0.38193359 -0.66825336  0.56107889  0.01638845],[-0.2447517  -0.00482895  0.15214051  0.        ],1725718525.2224205,[-122.35937309  -63.74795173  -49.21584533   15.13397898]
[ 0.43342575 -0.64602943  0.78369313  0.0216586 ],[ 0.40142575 -0.65362591  0.78819078  0.01570796],[ 0.39855817 -0.63621515  0.57413201  0.01638845],[0.33249147 0.64076422 0.2610623  0.        ],1725718525.2224205,[-68.56413959  20.27069385 -45.96512525   8.40402302]
[ 0.3970815  -0.61621532  0.79573851  0.03390894],[ 0.40055306 -0.64821532  0.80215335  0.01570796],[ 0.41280471 -0.63631174  0.58073533  0.01638845],[ 0.28493073 -0.00193183  0.13206638  0.        ],1725718525.2234435,[ 52.77404206 -30.81527263 -47.35555737  29.00720624]
[ 0.43168038 -0.67480474  0.79539309  0.00977026],[ 0.39968038 -0.64280474  0.81611592  0.01570796],[ 0.40548052 -0.63609361  0.58971812  0.01638845],[-0.14648372  0.00436261  0.17965586  0.        ],1725718525.2234435,[-71.25861966  59.52933975 -45.15446475 -20.32257611]
[ 0.36689498 -0.66913244  0.81204569 -0.01629204],[ 0.39889498 -0.63713244  0.83138755  0.01570796],[ 0.42041587 -0.66757753  0.59524325  0.01638845],[ 0.29870707 -0.62967833  0.11050256  0.        ],1725718525.2234435,[143.23675195  -3.27424018 -47.80870312 -55.6481434 ]
[ 0.42464832 -0.65852644  0.84668007  0.04770796],[ 0.39810959 -0.63146013  0.84665918  0.01570796],[ 0.40302455 -0.66741975  0.60518815  0.01638845],[-0.3478265   0.00315565  0.19889797  0.        ],1725718525.2244186,[-74.77062976 -13.23701922 -53.37709429  72.06175865]
[ 0.36532419 -0.64188194  0.82766191 -0.01629204],[ 0.39732419 -0.62604961  0.85966191  0.01570796],[ 0.41860131 -0.66726068  0.63190235  0.05191488],[0.3115352  0.00318143 0.53428399 0.71052869],1725718525.2244186,[ 140.83016769  -35.86327637  -42.60612123 -137.80582356]
[ 0.40294509 -0.58863909  0.84066463  0.04770796],[ 0.39653879 -0.62063909  0.87266463  0.01570796],[ 0.4012032  -0.6669      0.63497433  0.00191488],[-0.34796218  0.00721344  0.06143961 -1.        ],1725718525.2244186,[ -25.29604262 -110.88560176  -45.35196887  115.16686503]
[ 0.38058835 -0.63432843  0.89708158 -0.01099652],[ 0.39531706 -0.61540306  0.88409653  0.01570796],[ 0.40121422 -0.61678841  0.64086506  0.05191488],[2.20452957e-04 1.00223193e+00 1.17814584e-01 1.00000000e+00],1725718525.2244186,[  51.91202855   36.8868544   -56.87693866 -135.22120308]
[ 0.42609533 -0.61222854  0.86352844  0.04770796],[ 0.39409533 -0.61016703  0.89552844  0.01570796],[ 0.39466109 -0.61724411  0.68073503  0.00191488],[-0.13106254 -0.00911409  0.79739955 -1.        ],1725718525.225413,[-86.18841609  -9.85412154 -39.47444368 112.62501653]
[ 0.41273542 -0.62739399  0.93654876  0.00271784],[ 0.39304815 -0.60362214  0.90730947  0.01570796],[ 0.41105873 -0.61709391  0.68216675  0.05191488],[0.32795273 0.0030041  0.02863434 1.        ],1725718525.225413,[   8.2082918    15.79175958  -56.68565473 -110.5353563 ]
[ 0.42400097 -0.56507725  0.95109051  0.03403316],[ 0.39200097 -0.59707725  0.91909051  0.01570796],[ 0.41103251 -0.61718523  0.7221275   0.00191488],[-5.24325229e-04 -1.82638964e-03  7.99215003e-01 -1.00000000e+00],1725718525.225413,[-31.54851999 -77.7293473  -50.1156386   81.42748495]
[ 0.38902268 -0.58766197  0.91039982 -0.01629204],[ 0.39147736 -0.58826321  0.92991146  0.01570796],[ 0.41121104 -0.57086582  0.73873882  0.05191488],[0.00357045 0.92638815 0.33222645 1.        ],1725718525.225413,[  60.2113805    32.04902144  -37.18781527 -138.18923121]
[ 0.40315744 -0.54744918  0.93724386 -0.01608082],[ 0.39095375 -0.57944918  0.94073242  0.01570796],[ 0.39749578 -0.57105829  0.73954302  0.00191488],[-0.27430523 -0.00384946  0.01608401 -1.        ],1725718525.2264109,[-22.79464983 -36.95653088 -43.75666676   0.34706125]
[ 0.38607229 -0.53453377  0.95658753 -0.01071992],[ 0.39095375 -0.56653377  0.94413579  0.01570796],[ 0.39754435 -0.57068076  0.74380474  0.00191488],[0.00097142 0.00755069 0.08523438 0.        ],1725718525.2264109,[ 30.72042143 -49.51144597 -46.96424003 -14.10471226]
[ 0.35895375 -0.58561837  0.92064129  0.01850764],[ 0.39095375 -0.55361837  0.94753915  0.01570796],[ 0.39746946 -0.56719287  0.75268972  0.00191488],[-0.00149775  0.06975766  0.17769962  0.        ],1725718525.2264109,[ 91.14221566  32.1451677  -36.49744611  35.93167667]
[ 0.37590474 -0.57287746  0.9236049  -0.01629204],[ 0.39077921 -0.54087746  0.94893545  0.01570796],[ 0.37999525 -0.56738746  0.75335971  0.00191488],[-0.34948416 -0.00389172  0.01339978  0.        ],1725718525.2264109,[ -5.0005848    5.39236921 -37.47706145 -40.73698222]
[ 0.42260467 -0.51086737  0.94146346  0.03181828],[ 0.39060467 -0.52813655  0.95033175  0.01570796],[ 0.3801182  -0.56747399  0.75423597  0.00191488],[ 0.00245896 -0.0017306   0.01752519  0.        ],1725718525.2274077,[-107.12943864  -83.62290788  -41.36122987   62.56543615]
[ 0.41434049 -0.54650975  0.91868088  0.00723619],[ 0.39016834 -0.51591933  0.95068088  0.01570796],[ 0.396746   -0.52233527  0.75663066  0.02173111],[0.33255607 0.90277442 0.04789372 0.39632462],1725718525.2274077,[-26.97499939  43.49109646 -35.39726258 -40.44449635]
[ 0.357732   -0.4717021   0.92550105  0.00262323],[ 0.389732   -0.5037021   0.95103002  0.01570796],[ 0.39676968 -0.52416396  0.75712224  0.02173111],[ 0.00047354 -0.03657372  0.0098317   0.        ],1725718525.2274077,[103.87916314 -80.23622807 -37.10713056 -27.43663454]
[ 0.3892548  -0.5068969   0.9836407   0.01567086],[ 0.38920839 -0.49488807  0.9516407   0.01570796],[ 0.37928757 -0.48088585  0.7579164   0.02173111],[-0.34964215  0.86556203  0.01588307  0.        ],1725718525.2274077,[-40.11982815  45.58445617 -50.23738848  -1.73666824]
[ 0.35668478 -0.51807403  0.92913457  0.04770796],[ 0.38868478 -0.48607403  0.95225137  0.01570796],[ 0.38028399 -0.48377362  0.77521369  0.02173111],[ 0.01992832 -0.05775538  0.34594587  0.        ],1725718525.2284057,[ 62.53409398  46.46490177 -33.1388151   49.66724848]
[ 0.41955034 -0.44578381  0.93597636  0.00774841],[ 0.38755034 -0.47778381  0.94919711  0.01570796],[ 0.36519128 -0.48730024  0.77546142  0.02173111],[-0.30185422 -0.07053238  0.0049547   0.        ],1725718525.2284057,[-144.29481465  -65.67078509  -35.37975345  -37.63774572]
[ 0.36215511 -0.44852387  0.97814285  0.02347111],[ 0.3864159  -0.4694936   0.94614285  0.01570796],[ 0.38190055 -0.4560869   0.77595537  0.02173111],[0.33418536 0.6242669  0.00987901 0.        ],1725718525.2284057,[ 70.43548726  -5.11563086 -44.90130432   9.84368102]
[ 0.35745996 -0.44801918  0.97640507  0.00734728],[ 0.38467057 -0.46329772  0.94518307  0.0148353 ],[ 0.36485071 -0.45595452  0.78163795  0.02173111],[-0.34099669  0.00264753  0.11365145  0.        ],1725718525.2294047,[ 10.58385726 -10.52802467 -42.77396937 -26.7260904 ]
[ 0.36143123 -0.48910185  0.91222328  0.04596263],[ 0.38292524 -0.45710185  0.94422328  0.01396263],[ 0.36482472 -0.45582167  0.7850773   0.02173111],[-0.00051974  0.00265691  0.06878711  0.        ],1725718525.2294047,[  5.51909142  49.83849096 -27.29049494  50.52097478]
[ 0.34979077 -0.43673865  0.96811742  0.04596263],[ 0.38179077 -0.45256399  0.94500864  0.01396263],[ 0.36479789 -0.46301663  0.78508249  0.02173111],[-5.36672682e-04 -1.43899212e-01  1.03815593e-04  0.00000000e+00],1725718525.2294047,[ 35.9359971  -43.225197   -40.83104414  31.98560662]
[ 0.3486563  -0.41602612  0.97777042 -0.01803737],[ 0.3806563  -0.44802612  0.94579399  0.01396263],[ 0.3645077  -0.46204907  0.78721377  0.02173111],[-0.00580378  0.01935138  0.04262548  0.        ],1725718525.2294047,[ 33.46173263 -63.58092531 -41.99828272 -83.21439338]
[ 0.36951838 -0.43930674  0.91300849  0.04596263],[ 0.37873645 -0.43877579  0.94500849  0.01396263],[ 0.36434876 -0.43546599  0.79006721 -0.0056337 ],[-0.00317888  0.53166147  0.05706883 -0.54729637],1725718525.2304008,[-19.07838522  12.21825055 -26.36551808 111.96227967]
[ 0.36083165 -0.39752546  0.97622299  0.00721842],[ 0.3768166  -0.42952546  0.94422299  0.01396263],[ 0.36443279 -0.4355474   0.79008829  0.0443663 ],[ 1.68074287e-03 -1.62819114e-03  4.21697530e-04  1.00000000e+00],1725718525.2304008,[ 10.978568   -56.19039204 -41.58662207 -91.63241829]
[ 0.36032134 -0.43643561  0.91213579  0.04508997],[ 0.37585667 -0.4249877   0.94413579  0.01308997],[ 0.36440692 -0.42491288  0.79266952 -0.0056337 ],[-5.17519037e-04  2.12690449e-01  5.16245626e-02 -1.00000000e+00],1725718525.2304008,[  8.72951999  22.31272422 -25.61056013 109.13359325]
[ 0.35595594 -0.4382247   0.97604858  0.0442173 ],[ 0.37489673 -0.42044994  0.94404858  0.0122173 ],[ 0.36438051 -0.42500184  0.79270115  0.0443663 ],[-5.28227406e-04 -1.77915365e-03  6.32469270e-04  1.00000000e+00],1725718525.2304008,[ 19.3151767   17.69791143 -40.98035863 -24.61554676]
[ 3.88280828e-01 -4.45904965e-01  9.48014005e-01  6.49967120e-04],[ 0.3739368  -0.41390496  0.9440487   0.01047198],[ 0.36436178 -0.42508493  0.79492304  0.0443663 ],[-0.00037454 -0.00166189  0.0444378   0.        ],1725718525.2313974,[-62.72125956  28.57157417 -33.37502806 -78.61787533]
[ 0.40497687 -0.43935999  0.97604882  0.02679268],[ 0.37297687 -0.40735999  0.94404882  0.00872665],[ 0.3762611  -0.42520647  0.79519361  0.02377428],[ 0.23798649 -0.00243074  0.00541145 -0.41184026],1725718525.2313974,[-61.90393719  17.72693349 -40.06801067  26.41694752]
[ 0.35452008 -0.40935001  0.93655509  0.03120348],[ 0.37227872 -0.40317109  0.94308874  0.00872665],[ 0.38766612 -0.42528959  0.79695986  0.02377428],[ 0.22810026 -0.00166241  0.03532507  0.        ],1725718525.2313974,[ 93.62402764 -25.35439282 -30.2950506   11.92373137]
[ 0.3945378  -0.3669822   0.96224059  0.00121305],[ 0.37158057 -0.3989822   0.94212866  0.00872665],[ 0.3701502  -0.42514251  0.79704111  0.02377428],[-0.35031827  0.00294154  0.00162492  0.        ],1725718525.2323968,[-73.61532336 -82.82437992 -36.60197653 -44.17624259]
[ 0.40296971 -0.36261894  0.97395423 -0.00124684],[ 0.37096971 -0.39461894  0.94195423  0.00872665],[ 0.38569967 -0.38415683  0.79774721  0.02377428],[0.31098935 0.81971369 0.01412214 0.        ],1725718525.2323968,[-33.2929176  -23.17981511 -38.87649829 -34.20861971]
[ 0.37222945 -0.42225569  0.91618774  0.01817772],[ 0.37035885 -0.39025569  0.94177979  0.00872665],[ 0.38597399 -0.3840189   0.79904772  0.02377428],[0.00548649 0.00275857 0.02601009 0.        ],1725718525.2323968,[ 40.93344225  59.04186097 -25.17540877   1.93631956]
[ 0.37808764 -0.36435038  0.91784478  0.00447638],[ 0.36992252 -0.38318703  0.94518307  0.00785398],[ 0.38509145 -0.41054258  0.79908468  0.02377428],[-0.01765083 -0.53047356  0.00073929  0.        ],1725718525.2323968,[ 11.98481739 -73.07744287 -26.14355095 -32.04987826]
[ 0.39078498 -0.38948856  0.98058634 -0.00303234],[ 0.36948618 -0.37611836  0.94858634  0.00698132],[ 0.38506604 -0.37233832  0.79910918  0.02377428],[-5.08215136e-04  7.64085181e-01  4.89975189e-04  0.00000000e+00],1725718525.2333918,[-16.96026536  31.71909278 -40.55716371 -38.98892853]
[ 0.36019525 -0.35105022  0.94798659  0.01818583],[ 0.36870079 -0.37219137  0.94692826  0.00698132],[ 0.38516201 -0.37250635  0.80111338  0.02377428],[ 0.00191934 -0.00336073  0.04008398  0.        ],1725718525.2333918,[ 64.25841708 -33.85670993 -31.96329743   2.8079611 ]
[ 0.34595592 -0.39881792  0.93628207  0.03898132],[ 0.36791539 -0.36826438  0.94527018  0.00698132],[ 0.369393   -0.37227366  0.80127969  0.02377428],[-0.3153801   0.00465381  0.00332611  0.        ],1725718525.2333918,[ 48.38143918  41.91976026 -29.58086605  30.05512013]
[ 0.33530453 -0.33966191  0.95100844 -0.02501868],[ 0.36730453 -0.36547185  0.94631732  0.00698132],[ 0.36558012 -0.3734738   0.80133429  0.02377428],[-0.07625774 -0.02400271  0.00109209  0.        ],1725718525.2333918,[ 65.96760236 -53.28435308 -33.07620438 -95.12671461]
[ 0.36659381 -0.37593491  0.97936445 -0.02244129],[ 0.36669368 -0.36267933  0.94736445  0.00698132],[ 0.34922477 -0.36719489  0.80158037 -0.02622572],[-0.32710702  0.12557827  0.00492154 -1.        ],1725718525.234389,[-55.05421765  17.63706837 -39.39584592  30.23259326]
[ 0.34048915 -0.34950665  0.96996589  0.03898132],[ 0.36686821 -0.35709438  0.95469493  0.00698132],[ 0.35634625 -0.36727642  0.80307184 -0.02622572],[ 0.14242959 -0.00163066  0.02982951  0.        ],1725718525.234389,[ 46.21912849 -27.25654481 -36.60691948 115.55613662]
[ 0.37969069 -0.31950942  0.94011488  0.03898132],[ 0.36704275 -0.35150942  0.9620254   0.00698132],[ 0.35375792 -0.36712466  0.80378126  0.02377428],[-0.05176653  0.00303523  0.01418831  1.        ],1725718525.234389,[-70.64798092 -67.13075569 -29.68534744  -3.92671461]
[ 0.38945518 -0.32473115  0.93674496  0.03810865],[ 0.36747907 -0.34732051  0.96874496  0.00610865],[ 0.36877975 -0.33545683  0.80383958  0.02377428],[0.30043663 0.63335657 0.00116635 0.        ],1725718525.234389,[-41.1423503   -8.86941087 -29.2046284   18.50248949]
[ 0.35596448 -0.31230891  0.94346452 -0.01383356],[ 0.36791539 -0.3431316   0.97546452  0.00523599],[ 0.36996044 -0.33533131  0.80388192  0.02377428],[0.0236138  0.00251034 0.0008468  0.        ],1725718525.2353866,[ 42.8982249  -32.15242733 -30.77547969 -74.57462243]
[ 0.39236748 -0.32634711  0.97604361 -0.02501868],[ 0.36774085 -0.33606307  0.98654741  0.00698132],[ 0.36862237 -0.33513417  0.80398444  0.00995067],[-0.02676136  0.0039429   0.0020505  -0.27647234],1725718525.2353866,[-64.48216091  -9.55813701 -38.18038006 -44.89306059]
[ 0.37376857 -0.35598458  0.99739333 -0.0222009 ],[ 0.36756632 -0.32899454  0.9976303   0.00872665],[ 0.38139704 -0.33500859  0.80507099  0.00995067],[0.25549324 0.00251153 0.02173094 0.        ],1725718525.2353866,[ 28.29212073  31.95513028 -42.51516716 -41.08752412]
[ 0.35080154 -0.3094208   1.0425457   0.04072665],[ 0.36774085 -0.3223623   1.0105457   0.00872665],[ 0.38136388 -0.33518042  0.80834173  0.00995067],[-0.00066319 -0.00343666  0.0654149   0.        ],1725718525.2363846,[ 72.90205199 -40.70271426 -51.94703958  70.8295147 ]
[ 0.39991539 -0.28373007  0.9914611   0.0137256 ],[ 0.36791539 -0.31573007  1.0234611   0.00872665],[ 0.36410976 -0.334597    0.83216599  0.04373173],[-0.3450824   0.01166848  0.4764851   0.6756212 ],1725718525.2363846,[-100.95621251  -70.74373759  -34.28984402  -68.78349682]
[ 0.3806284  -0.27727236  1.03758708  0.04072665],[ 0.36826447 -0.30927236  1.04396862  0.00872665],[ 0.38080796 -0.29920118  0.83253455  0.04006589],[ 0.33396405  0.7079163   0.00737119 -0.07331673],1725718525.2363846,[ 14.53903713 -24.79747526 -45.57279106  15.59230243]
[ 0.3872434  -0.31074992  1.04938256 -0.00291841],[ 0.36861354 -0.30281466  1.06447613  0.00872665],[ 0.3807838  -0.29906318  0.83937411  0.04006589],[-0.00048314  0.00276014  0.13679121  0.        ],1725718525.2373815,[-16.11373103  20.24562753 -46.25181396 -77.68890437]
[ 0.3713172  -0.29165259  1.08343301  0.04072665],[ 0.36878808 -0.29749137  1.0783515   0.00872665],[ 0.38088383 -0.29914585  0.84737437  0.02116606],[ 0.0020005  -0.0016535   0.16000518 -0.37799655],1725718525.2373815,[ 26.30215892 -12.64074537 -52.19548652  55.84151571]
[ 0.34712141 -0.28768509  1.12422686 -0.0092555 ],[ 0.36896262 -0.29216808  1.09222686  0.00872665],[ 0.3808719  -0.29902123  0.87270434  0.02876196],[-2.38601174e-04  2.49237980e-03  5.06599494e-01  1.51917941e-01],1725718525.2373815,[ 80.05729537 -15.51462908 -55.49083046 -77.82050255]
[ 0.37414629 -0.25467028  1.09818459 -0.02327335],[ 0.36878808 -0.28667028  1.1058405   0.00872665],[ 0.36338652 -0.29889573  0.91217001  0.00986098],[-0.34970742  0.00251008  0.7893134  -0.37801961],1725718525.238379,[-40.00715216 -63.09259968 -40.26288692 -41.39341911]
[ 0.40061354 -0.26996634  1.08745415 -0.02327335],[ 0.36861354 -0.28117248  1.11945415  0.00872665],[ 0.36436925 -0.27510839  0.91415765  0.00986098],[0.01965455 0.47574673 0.03975282 0.        ],1725718525.238379,[-85.78127065  -1.18452122 -37.99702996 -43.7373188 ]
[ 0.37437991 -0.24402379  1.12082649  0.00231325],[ 0.36861354 -0.27602379  1.13184601  0.00872665],[ 0.38090422 -0.27498555  0.9152619   0.00986098],[0.33069927 0.00245691 0.02208486 0.        ],1725718525.238379,[ 30.46951367 -44.57103117 -45.54947304   2.31856582]
[ 0.33661354 -0.26033835  1.16340031 -0.02327335],[ 0.36861354 -0.2708751   1.14423788  0.00872665],[ 0.38083447 -0.27383476  0.92241094  0.00986098],[-0.00139487  0.02301576  0.14298082  0.        ],1725718525.238379,[107.25913991 -15.31143089 -53.37474411 -56.01888803]
[ 0.336439   -0.23372631  1.17380839 -0.02327335],[ 0.368439   -0.26572631  1.15950936  0.00872665],[ 0.36328747 -0.27371022  0.95392405  0.00986098],[-0.35094011  0.00249077  0.63026223  0.        ],1725718525.2393756,[ 49.27548561 -56.57600567 -48.16181522 -43.7373188 ]
[ 0.40026447 -0.24029584  1.15762564 -0.00879839],[ 0.36826447 -0.26057753  1.17478085  0.00872665],[ 0.35884857 -0.26309271  0.96686399  0.00986098],[-0.08877801  0.21235028  0.25879883  0.        ],1725718525.2393756,[-113.42808318  -27.62793562  -41.67400692  -17.68237857]
[ 0.3876145  -0.26013213  1.22894662  0.01045894],[ 0.368439   -0.25804682  1.19694662  0.00872665],[ 0.37558832 -0.26294392  0.96979778  0.00986098],[0.3347951  0.00297567 0.05867575 0.        ],1725718525.2393756,[-13.56691956  -0.84650445 -57.70208822  10.03281983]
[ 0.34377205 -0.24417237  1.21981308  0.00191163],[ 0.36861354 -0.25551611  1.2191124   0.00872665],[ 0.37569765 -0.26282147  1.02076637  0.00986098],[0.00218659 0.00244912 1.01937184 0.        ],1725718525.2403731,[ 84.0239347  -26.8872458  -43.18444629 -14.59584859]
[ 0.40113715 -0.27504045  1.27228297  0.03792331],[ 0.36913715 -0.25499257  1.24546689  0.00872665],[ 0.35815502 -0.26267662  1.02516757  0.00986098],[-0.35085256  0.00289696  0.08802407  0.        ],1725718525.2403731,[-119.31633523   20.76627378  -54.84991867   54.32788129]
[ 0.37481962 -0.27705371  1.30382138 -0.00559011],[ 0.36966076 -0.25446904  1.27182138  0.00872665],[ 0.37489982 -0.26275953  1.0657842   0.01396606],[ 0.3348959  -0.00165814  0.81233259  0.08210164],1725718525.2403731,[ 17.11694613  19.14505335 -52.27667031 -48.67102701]
[ 0.35865737 -0.23872611  1.33468091  0.04072665],[ 0.37027162 -0.25377096  1.30873519  0.00872665],[ 0.37487789 -0.26284057  1.09535787  0.01396606],[-4.38493520e-04 -1.62086065e-03  5.91473286e-01  0.00000000e+00],1725718525.24137,[ 40.25371573 -37.33734816 -52.66403012  57.55601651]
[ 0.37345855 -0.25761975  1.313649    0.04072665],[ 0.37088248 -0.25307289  1.345649    0.00872665],[ 0.37411335 -0.26250114  1.12739725  0.02505355],[-0.01529095  0.00678859  0.64078773  0.22174986],1725718525.24137,[ -4.75813336  -3.6861796  -40.44042632  15.36648612]
[ 0.33940606 -0.23100388  1.35379148  0.04072665],[ 0.37140606 -0.25272374  1.38579148  0.00872665],[ 0.37423669 -0.26237863  1.12980894  0.02505355],[0.00246692 0.00245019 0.04823374 0.        ],1725718525.24137,[ 86.24762074 -45.2127577  -49.65648498  20.68848264]
[ 0.40392965 -0.26726055  1.45793396  0.03116141],[ 0.37192965 -0.25237459  1.42593396  0.00872665],[ 0.35667793 -0.26108272  1.14950742  0.02505355],[-0.35117528  0.02591826  0.39396948  0.        ],1725718525.24137,[-131.06370024   13.53827473  -68.70503477    3.47106007]
[ 0.40225353 -0.21766928  1.44978446  0.00549483],[ 0.37201694 -0.24966928  1.48178446  0.00785398],[ 0.37343124 -0.26116094  1.22895876  0.02505355],[ 3.35066222e-01 -1.56444377e-03  1.58902692e+00  0.00000000e+00],1725718525.2423675,[-52.98475796 -64.52960351 -47.69863789 -38.1374694 ]
[ 0.35936814 -0.21496398  1.55993741 -0.02501868],[ 0.37210423 -0.24696398  1.53763497  0.00698132],[ 0.37920465 -0.23482806  1.24330301  0.02505355],[0.11546824 0.52665759 0.28688501 0.        ],1725718525.2423675,[ 60.61041904 -22.8333399  -70.62531874 -80.74183939]
[ 0.35426956 -0.25051944  1.62708026  0.03898132],[ 0.37192969 -0.24609143  1.60369581  0.00698132],[ 3.65138361e-01 -2.34697227e-01  1.32957137e+00  1.07432210e-03],[-0.2813258   0.00261666  1.72536715 -0.47958462],1725718525.2423675,[ 19.18610248  26.00130753 -65.25917092  92.26726418]
[ 0.36530932 -0.26696327  1.68721842  0.012453  ],[ 0.37175515 -0.24521887  1.66975665  0.00698132],[ 0.3651194  -0.23479501  1.41809598  0.05107432],[-3.79216623e-04 -1.95555805e-03  1.77049220e+00  1.00000000e+00],1725718525.2433662,[ -4.74965526  44.80548317 -58.92080196 -87.71374533]
[ 0.40314428 -0.22048695  1.74596072  0.03898132],[ 0.37114428 -0.24556795  1.74227506  0.00698132],[ 0.36524309 -0.23706006  1.49581278  0.01524938],[ 0.00247381 -0.04530111  1.55433601 -0.71649891],1725718525.2433662,[-94.05663881 -28.86406781 -54.8412844   61.25572963]
[ 0.40253341 -0.27791702  1.78279347 -0.02501868],[ 0.37053341 -0.24591702  1.81479347  0.00698132],[ 0.38190305 -0.23690409  1.55451735  0.03157375],[0.33319918 0.00311943 1.17409135 0.32648753],1725718525.2433662,[ -36.31964687   62.39260694  -50.00027846 -113.25771646]
[ 0.40218433 -0.27223259  1.90219935 -0.01526046],[ 0.37018433 -0.24521881  1.88504291  0.00610865],[ 0.38241313 -0.26819108  1.58410881 -0.01842625],[ 0.0102017  -0.62573985  0.59182925 -1.        ],1725718525.2443616,[-4.09836374e+01  3.45703997e-02 -7.08852480e+01  3.28627912e+01]
[ 0.33783526 -0.2765206   1.96564244  0.03723599],[ 0.36983526 -0.2445206   1.95529234  0.00523599],[ 0.38355936 -0.2682685   1.6982626  -0.01842625],[ 2.29245554e-02 -1.54831829e-03  2.28307572e+00  0.00000000e+00],1725718525.2443616,[121.34233034  11.49641262 -58.31240255  98.67244402]
[ 0.36237567 -0.24586517  1.99455254  0.01239687],[ 0.36896262 -0.24513146  2.00739044  0.00523599],[ 0.36602346 -0.26834643  1.79242784  0.03157375],[-3.50718039e-01 -1.55861350e-03  1.88330479e+00  1.00000000e+00],1725718525.2443616,[ -8.93736622 -34.08119892 -43.80966381 -61.23626815]
[ 0.33806506 -0.2350682   2.08034599  0.03723599],[ 0.36808997 -0.24574232  2.05948853  0.00523599],[ 0.36614276 -0.26811652  1.80184063  0.03157375],[0.00238599 0.00459811 0.18825582 0.        ],1725718525.2453644,[ 68.29801648 -45.13867299 -62.04109774  19.3969286 ]
[ 0.39501188 -0.2736493   2.062046   -0.02653457],[ 0.36852629 -0.24609143  2.094046    0.00523599],[ 0.34931019 -0.26683696  1.92292782  0.03157375],[-0.33665141  0.02559126  2.42174387  0.        ],1725718525.2453644,[-124.55609941   14.70671238  -29.20097599 -107.31286172]
[ 0.33696262 -0.21444054  2.16060346 -0.02536174],[ 0.36896262 -0.24644054  2.12860346  0.00523599],[ 0.36610219 -0.26691555  1.92302571 -0.01842625],[ 0.33584005 -0.00157181  0.00195777 -1.        ],1725718525.2453644,[ 90.35923788 -77.7664411  -53.25957749  15.40811643]
[ 0.33582815 -0.21303119  2.14881373  0.03810865],[ 0.36782815 -0.24486971  2.15809953  0.00610865],[ 0.34849932 -0.22895839  1.99005876 -0.01842625],[-0.35205752  0.75914314  1.34066111  0.        ],1725718525.2453644,[ 20.00078283 -15.78442055 -34.13155866 105.09185391]
[ 0.38831812 -0.25527094  2.17475986  0.02489047],[ 0.36669368 -0.24329887  2.18759561  0.00698132],[ 0.3484819  -0.22883496  1.99089672  0.03157375],[-3.48350352e-04  2.46856579e-03  1.67591829e-02  1.00000000e+00],1725718525.2463565,[-103.92460259   40.96867728  -40.70298079  -39.16666678]
[ 0.32841048 -0.21771571  2.1661852   0.00617734],[ 0.36041048 -0.24443338  2.19379163  0.00698132],[ 0.36526823 -0.22977801  1.99595549  0.03157375],[ 0.33572671 -0.01886094  0.10117543  0.        ],1725718525.2463565,[107.21945078 -21.44135403 -37.31311082 -42.50557041]
[ 3.29824714e-01 -2.54580915e-01  2.23198765e+00  3.56357539e-04],[ 0.35412729 -0.24556789  2.19998765  0.00698132],[ 0.34765541 -0.22964973  1.99805187  0.03157375],[-0.35225652  0.00256561  0.04192747  0.        ],1725718525.2463565,[ 29.77710198  38.2125493  -52.10802922 -44.00103257]
[ 0.33317492 -0.22713648  2.18872197  0.03898132],[ 0.34609878 -0.24548054  2.20077288  0.00698132],[ 0.34759876 -0.23016542  2.05747978  0.03157375],[-1.13307216e-03 -1.03137911e-02  1.18855814e+00  0.00000000e+00],1725718525.2463565,[ 28.80487343  -8.00656752 -27.83813238  28.31796483]
[ 0.31548143 -0.23449611  2.20747734 -0.00237781],[ 0.33807027 -0.24539319  2.20155811  0.00698132],[ 0.34755813 -0.23004359  2.05749528  0.03157375],[-0.00081246  0.00243664  0.00031016  0.        ],1725718525.2473295,[ 73.98848177   6.94986838 -33.18495113 -64.66843968]
[ 0.32699552 -0.25059006  2.21108883 -0.01675122],[ 0.32951817 -0.24530593  2.20147085  0.00610865],[ 0.33009915 -0.23012082  2.05814158  0.03157375],[-0.34917968 -0.00154458  0.01292594  0.        ],1725718525.2473295,[ -4.91722824  29.31555628 -33.67828379 -70.68820403]
[ 0.3202912  -0.21321868  2.16938359 -0.02072764],[ 0.32096606 -0.24521868  2.20138359  0.00523599],[ 0.3302241  -0.23024537  2.05890022  0.02452143],[ 0.00249902 -0.00249096  0.01517282 -0.1410465 ],1725718525.2473295,[ 23.44776526 -27.85064247 -23.87830535 -58.25234391]
[ 0.33359379 -0.26874018  2.21982264  0.01462121],[ 0.31511919 -0.24486964  2.20051098  0.00523599],[ 0.33021783 -0.2300964   2.05902605  0.02452143],[-0.00012543  0.00297939  0.00251649  0.        ],1725718525.2483459,[-12.29411799  58.99071622 -35.88240798   3.89916332]
[ 0.30502029 -0.2125206   2.16763837  0.02746886],[ 0.30927232 -0.2445206   2.19963837  0.00523599],[ 0.33033215 -0.25576123  2.060493    0.02452143],[ 0.00228651 -0.51329662  0.02933918  0.        ],1725718525.2483459,[ 64.19332612 -68.81657139 -23.03117527  10.05747633]
[ 2.77713730e-01 -2.76607888e-01  2.23146384e+00  1.38009461e-03],[ 0.30281462 -0.24460789  2.19946384  0.00523599],[ 0.31436936 -0.22305115  2.06063489  0.02452143],[-0.31925588  0.65420163  0.0028377   0.        ],1725718525.2483459,[ 81.07517086  84.57176984 -38.2243007  -43.06916644]
[ 2.64356916e-01 -2.52310263e-01  2.23128932e+00  1.97308726e-03],[ 0.29635692 -0.24469517  2.19928932  0.00523599],[ 0.29657282 -0.26030938  2.06342087  0.02452143],[-0.35593074 -0.74516468  0.05571962  0.        ],1725718525.2483459,[ 65.58376854 -19.38348263 -36.90121743 -29.47917367]
[ 2.72269903e-01 -2.76782425e-01  2.16772563e+00  1.47210040e-03],[ 0.2864958  -0.24478243  2.19972563  0.00523599],[ 0.28002008 -0.26018269  2.06537488  0.02452143],[-0.33105489  0.00253384  0.0390802   0.        ],1725718525.2493424,[  6.5681531   25.43814504 -21.856746   -30.6655865 ]
[ 0.24463469 -0.24797255  2.19098041  0.00643332],[ 0.27663469 -0.24486968  2.20016193  0.00523599],[ 0.27999273 -0.26027801  2.06553441  0.02452143],[-0.00054686 -0.00190635  0.0031906   0.        ],1725718525.2493424,[ 84.76476354 -20.38704524 -27.83092072 -21.49492298]
[ 0.25770872 -0.21356775  2.22529915  0.03810865],[ 0.26947884 -0.24556775  2.20138359  0.00610865],[ 0.2619936  -0.26015024  2.06554959  0.02452143],[-3.59982753e-01  2.55525160e-03  3.03519953e-04  0.00000000e+00],1725718525.2493424,[ -3.2750069  -66.40284202 -35.49068388  33.13929715]
[ 0.24817869 -0.21995058  2.17060525  0.0267936 ],[ 0.26232299 -0.24626583  2.20260525  0.00698132],[ 0.26212267 -0.23063218  2.06686619  0.02452143],[0.00258152 0.59036124 0.026332   0.        ],1725718525.250339,[ 32.94475326  -8.95296246 -22.25800759  -2.43195073]
[ 0.28399478 -0.21391682  2.22711595  0.03455932],[ 0.25525443 -0.24591682  2.20225632  0.00698132],[ 0.26197947 -0.23051025  2.06702053  0.02452143],[-0.00286397  0.00243856  0.00308681  0.        ],1725718525.250339,[-60.16556822 -22.75085076 -35.78906547  16.977566  ]
[ 2.55172041e-01 -2.62531236e-01  2.23390740e+00  1.14415158e-03],[ 0.24818587 -0.24556781  2.2019074   0.00698132],[ 0.27275779 -0.2303797   2.0684559   0.02452143],[0.2155664  0.00261099 0.02870748 0.        ],1725718525.250339,[ 52.34120101  49.4281006  -36.45331816 -46.89728753]
[ 0.27407718 -0.27686974  2.16912205  0.03898132],[ 0.24207718 -0.24486974  2.20112205  0.00698132],[ 0.26557837 -0.23664121  2.07018775  0.02452143],[-0.14358848 -0.12523007  0.03463692  0.        ],1725718525.250339,[-28.02939434  54.25957963 -21.09505228  37.24889243]
[ 0.20476713 -0.25788067  2.18304705  0.03898132],[ 0.23596849 -0.24417166  2.20033669  0.00698132],[ 0.26563113 -0.25166468  2.07035651  0.02452143],[ 0.00105523 -0.30046943  0.00337518  0.        ],1725718525.251345,[154.50696926   3.32907653 -24.93058271  19.08705305]
[ 0.23614366 -0.22652433  2.17274775  0.01192469],[ 0.22985986 -0.24452067  2.20120931  0.00698132],[ 0.24753174 -0.25174198  2.07045789  0.02452143],[-0.36198781 -0.00154592  0.00202777  0.        ],1725718525.251345,[  4.32736288 -37.79361632 -22.39892961 -29.61487622]
[ 0.25575123 -0.22914636  2.1954502   0.01488143],[ 0.22375123 -0.24486968  2.20208192  0.00698132],[ 0.24750392 -0.25138101  2.07061056  0.02452143],[-0.00055651  0.00721928  0.00305324  0.        ],1725718525.251345,[-24.96538325 -28.92210021 -27.69202318 -11.30555362]
[ 0.18459538 -0.21094987  2.19828842  0.03985398],[ 0.21659538 -0.24294987  2.20225644  0.00785398],[ 0.24752165 -0.2512241   2.07061806  0.02452143],[0.0003546  0.00313827 0.00015    0.        ],1725718525.251345,[159.52981379 -55.74813014 -28.11601271  32.22579278]
[ 0.22974987 -0.23396802  2.23443096  0.04072665],[ 0.20943953 -0.24103007  2.20243096  0.00872665],[ 0.22932042 -0.24198017  2.07064999  0.02452143],[-0.36402459  0.18487849  0.00063876  0.        ],1725718525.252341,[-25.83437408  -5.9509585  -36.39580808  21.80976666]
[ 0.2077006  -0.20700745  2.19377398  0.04159931],[ 0.20603615 -0.23858661  2.20304191  0.00959931],[ 0.22932134 -0.24185816  2.07235655  0.02452143],[1.84261505e-05 2.44020098e-03 3.41310744e-02 0.00000000e+00],1725718525.252341,[ 53.86629159 -49.85051778 -26.28481101  22.9616848 ]
[ 0.19516954 -0.26814316  2.17165286 -0.02152802],[ 0.20263277 -0.23614316  2.20365286  0.01047198],[ 0.22054056 -0.23869427  2.0724139   0.02452143],[-0.17561561  0.06327782  0.00114712  0.        ],1725718525.252341,[ 54.5015358   48.09051764 -21.60901087 -91.08639729]
[ 0.1944384  -0.19655099  2.18021721  0.03203641],[ 0.19896756 -0.22855099  2.20382738  0.01308997],[ 0.2110957  -0.24341525  2.07257714 -0.02547857],[-0.18889706 -0.09441956  0.0032648  -1.        ],1725718525.252341,[ 31.38405321 -72.80108288 -23.76549794 125.63070743]
[ 0.19466971 -0.24296227  2.22187376  0.00619103],[ 0.19530235 -0.22095881  2.2040019   0.01570796],[ 0.21100012 -0.20750015  2.07270634  0.02452143],[-0.0019117   0.71830199  0.00258385  1.        ],1725718525.2533386,[ 34.00188509  58.61230335 -33.23542936 -60.60190721]
[ 0.21975882 -0.18984751  2.22337432  0.04097594],[ 0.19277161 -0.21336661  2.20365286  0.01919862],[ 0.21080979 -0.23234778  2.07336946  0.02452143],[-0.00380662 -0.49695256  0.01326243  0.        ],1725718525.2533386,[-28.65347139 -67.27703721 -33.00951093  38.41672021]
[ 0.16955586 -0.22264988  2.21116383  0.01124623],[ 0.19024087 -0.2057744   2.20330381  0.02268928],[ 0.21088292 -0.2017379   2.07398489  0.02452143],[0.00146266 0.61219749 0.01230864 0.        ],1725718525.2533386,[106.16223702  36.69458355 -30.0500803  -31.79352434]
[ 0.18397792 -0.2087758   2.19264454  0.05672623],[ 0.18675023 -0.19835667  2.20295453  0.02792527],[ 0.19246115 -0.20211493  2.0741683   0.02452143],[-0.36843534 -0.00754048  0.00366819  0.        ],1725718525.2543352,[  4.80262764   6.74931017 -25.87624955  64.34073427]
[ 0.1852381  -0.15893893  2.17941757  0.06516126],[ 0.18325959 -0.19093893  2.20260525  0.03316126],[ 0.19243285 -0.20219199  2.07424066  0.04608235],[-0.00056616 -0.00154118  0.00144728  0.43121847],1725718525.2543352,[ 14.52985858 -64.24968908 -23.00486244  18.88372465]
[ 0.21115806 -0.15221951  2.23477989  0.02414647],[ 0.17915806 -0.18421951  2.20277989  0.04014257],[ 0.19240731 -0.17670141  2.07438416  0.04608235],[-0.00051064  0.50981144  0.00286989  0.        ],1725718525.2543352,[-49.40120594 -29.62508371 -35.84366652 -48.64246066]
[ 0.19977888 -0.18925549  2.20057537  0.05948609],[ 0.17505653 -0.17750008  2.20295453  0.04712389],[ 0.19649386 -0.17654105  2.07584837  0.04608235],[0.08173098 0.00320735 0.02928416 0.        ],1725718525.2543352,[ -0.77837017  22.1155395  -27.08040092  34.65595876]
[ 0.13982764 -0.1397404   2.18933753  0.02123254],[ 0.17182764 -0.1717404   2.20295453  0.05323254],[ 0.1966275  -0.17662562  2.07587192  0.04608235],[ 0.00267267 -0.00169148  0.00047111  0.        ],1725718525.2553334,[142.361097   -55.79910381 -24.84891909 -51.16345168]
[ 0.13659876 -0.13398071  2.22994132  0.0868392 ],[ 0.16859876 -0.16598071  2.20295453  0.0593412 ],[ 0.17811388 -0.16743582  2.07597586  0.04608235],[-0.37027239  0.18379593  0.00207873  0.        ],1725718525.2553334,[ 80.75053324 -43.66900883 -34.2806408   85.29023843]
[ 0.15831769 -0.19239573  2.19869317  0.09497438],[ 0.16528266 -0.16039573  2.20312905  0.06632251],[ 0.15953234 -0.16648483  2.07690108  0.09608235],[-0.37163076  0.01901993  0.01850441  1.        ],1725718525.2553334,[-13.32364269  42.71310807 -26.46995299 -21.5576356 ]
[ 0.16240469 -0.15884248  2.23004759  0.06630208],[ 0.16196656 -0.15481076  2.20330358  0.07330383],[ 0.15965133 -0.16788195  2.07695128  0.09608235],[ 0.00237984 -0.02794234  0.00100408  0.        ],1725718525.2563326,[ -7.31631813 -16.9425837  -33.9967344  -53.07265738]
[ 0.18200408 -0.15997994  2.18936594  0.11403047],[ 0.15856317 -0.15044743  2.20295453  0.08203047],[ 0.15978216 -0.16775925  2.07779933  0.09608235],[0.0026166  0.00245389 0.016961   0.        ],1725718525.2563326,[-54.10664051 -10.08802708 -24.12603331  46.60114425]
[ 0.14192001 -0.14674291  2.23460549  0.12275712],[ 0.15515979 -0.1460841   2.20260549  0.09075712],[ 0.16676749 -0.16763853  2.07792118  0.09608235],[0.13970649 0.00241451 0.00243698 0.        ],1725718525.2563326,[ 70.45772934 -29.46257056 -34.92533311  39.39947939]
[ 0.15227373 -0.11216417  2.19213719  0.10894599],[ 0.15140732 -0.14416417  2.20251822  0.10122909],[ 0.14857391 -0.16747976  2.07904566  0.09608235],[-0.36387145  0.00317537  0.02248958  0.        ],1725718525.2563326,[-18.96882934 -77.95102496 -24.44072151  10.35066887]
[ 0.14855118 -0.15272653  2.17043096  0.135957  ],[ 0.14765486 -0.14224423  2.20243096  0.11170107],[ 0.14866573 -0.1302128   2.07916024  0.09608235],[0.00183636 0.74533911 0.00229161 0.        ],1725718525.2573276,[  1.74075754  40.87574011 -19.85960487  65.599825  ]
[ 0.11155333 -0.1730225   2.20255288  0.15417305],[ 0.14355333 -0.1410225   2.20269275  0.12217305],[ 0.14863677 -0.1311328   2.07934106  0.12113155],[-0.00057928 -0.01839988  0.00361628  0.50098394],1725718525.2573276,[ 92.05533177  58.07215457 -27.4285664   40.33486692]
[ 0.1074518  -0.12920671  2.21078529  0.11954166],[ 0.1394518  -0.13980077  2.20295453  0.13264503],[ 0.12979297 -0.15478405  2.07934752  0.12113155],[-3.76875865e-01 -4.73025156e-01  1.29250838e-04  0.00000000e+00],1725718525.2573276,[ 40.89049484 -43.43417096 -28.99922655 -18.72172674]
[ 0.16778662 -0.10780077  2.2081324   0.12520628],[ 0.13578662 -0.13980077  2.20304179  0.143117  ],[ 0.12884533 -0.15387511  2.07943998  0.12113155],[-0.01895284  0.01817883  0.00184914  0.        ],1725718525.2573276,[-105.50807484  -63.75657735  -28.28465918    8.09765856]
[ 0.12803144 -0.146975    2.19316683  0.15805554],[ 0.13212144 -0.13980077  2.20312905  0.15358898],[ 0.14709282 -0.12949842  2.0794826   0.12113155],[0.36494976 0.48753385 0.00085246 0.        ],1725718525.258325,[ 62.66813359  32.17975379 -24.85924734  64.50731604]
[ 0.10713068 -0.10727726  2.21030362  0.16296295],[ 0.12714726 -0.13927726  2.20321631  0.16842428],[ 0.13080705 -0.12967214  2.07958648  0.14443404],[-0.32571547 -0.00347439  0.00207756  0.46604989],1725718525.258325,[ 51.30005384 -35.27720632 -28.92946234  15.62851758]
[ 0.1223678  -0.13602878  2.17880576  0.21525958],[ 0.12217307 -0.13875376  2.20330358  0.18325958],[ 0.1242703  -0.12941675  2.07967368  0.14443404],[-0.13073486  0.00510783  0.00174403  0.        ],1725718525.258325,[ -4.59395967  12.8863164  -21.49068086 118.59208487]
[ 0.11844436 -0.17101555  2.2019282   0.19290906],[ 0.11859512 -0.13901555  2.20330369  0.19460422],[ 0.12440585 -0.12949427  2.07983901  0.19443404],[ 0.00271084 -0.00155037  0.00330662  1.        ],1725718525.2593224,[ 14.05711755  59.81268197 -27.09103021 -36.74123352]
[ 0.14548125 -0.14211416  2.1920078   0.1861048 ],[ 0.11501716 -0.13927734  2.20330381  0.20594886],[ 0.12437932 -0.15663643  2.07986212  0.19443404],[-5.30586877e-04 -5.42843186e-01  4.62178417e-04  0.00000000e+00],1725718525.2593224,[-54.75520551 -27.20379531 -24.57181998 -14.26063851]
[ 0.14317748 -0.14429772  2.20176242  0.25016616],[ 0.11117748 -0.13875369  2.20304191  0.21816616],[ 0.13192583 -0.15649285  2.07997351  0.19443404],[0.1509302  0.00287151 0.00222787 0.        ],1725718525.2593224,[-19.63889103 -15.76395431 -26.89076441 104.31584172]
[ 0.0753378  -0.17023004  2.21149541  0.25553172],[ 0.1073378  -0.13823004  2.20278001  0.23038346],[ 0.13201305 -0.15637092  2.08000585  0.24443404],[1.74457188e-03 2.43865425e-03 6.46841397e-04 1.00000000e+00],1725718525.2593224,[145.18730705  22.02918085 -29.02548443  -6.77558755]
[ 0.0780503  -0.12618712  2.20844241  0.23865645],[ 0.10375984 -0.13796826  2.20260549  0.24085543],[ 0.11303798 -0.15645528  2.08010035  0.24443404],[-0.37950145 -0.00168727  0.00188999  0.        ],1725718525.26032,[ 64.58802857 -46.28005813 -28.20352586 -15.72655413]
[ 0.06818189 -0.12890554  2.1966274   0.2193274 ],[ 0.10018189 -0.13770647  2.20243096  0.2513274 ],[ 0.09571106 -0.15489542  2.08013787  0.24443404],[-0.34653849  0.03119723  0.00075043  0.        ],1725718525.26032,[ 54.60030114 -33.69329992 -25.50822141 -42.41872102]
[ 0.06312042 -0.11518571  2.19529135  0.23154471],[ 0.09512042 -0.1375319   2.2023437   0.26354471],[ 0.08569387 -0.15467887  2.08022275  0.24443404],[-0.20034377  0.00433099  0.0016975   0.        ],1725718525.26032,[ 45.22794752 -54.06679604 -25.30076984 -11.14961121]
[ 0.06130261 -0.16254645  2.22945998  0.26066584],[ 0.09005895 -0.13735732  2.20225644  0.27576202],[ 0.08334563 -0.14785531  2.08031406  0.24443404],[-0.04696474  0.13647119  0.00182614  0.        ],1725718525.26032,[ 45.86113806  27.16016462 -33.15560232  35.40410988]
[ 0.09703039 -0.14559779  2.23486727  0.25336133],[ 0.08473569 -0.13727011  2.20286727  0.28536133],[ 0.0806902  -0.14795961  2.08096282  0.24443404],[-0.05310863 -0.00208607  0.01297532  0.        ],1725718525.261317,[-49.2586347   -5.56231371 -33.90694416   8.27786398]
[ 0.04741243 -0.16544331  2.1714781   0.26296065],[ 0.07941243 -0.13718289  2.2034781   0.29496065],[ 0.08490879 -0.14783956  2.08178935  0.24443404],[0.08437175 0.00240112 0.01653056 0.        ],1725718525.261317,[ 99.55745334  26.09922434 -19.08423003  29.06278875]
[ 0.06998238 -0.13310178  2.20232927  0.33481462],[ 0.07452553 -0.13718289  2.20312905  0.30281462],[ 0.06554334 -0.14793742  2.08197588  0.24443404],[-0.38730896 -0.0019573   0.00373061  0.        ],1725718525.261317,[-25.78337106 -24.23355561 -26.78684559 153.79226432]
[ 0.03763862 -0.1072249   2.17847573  0.34266859],[ 0.06963862 -0.13718289  2.20278001  0.31066859],[ 0.06554547 -0.14780522  2.08201288  0.29443404],[4.25196695e-05 2.64406775e-03 7.39920682e-04 1.00000000e+00],1725718525.261317,[ 71.05663849 -57.25678441 -20.98101152  43.43950463]
[ 0.0879231  -0.10509567  2.17086727  0.3522679 ],[ 0.06422815 -0.13709567  2.20286727  0.3202679 ],[ 0.0464838  -0.13629115  2.082184    0.29443404],[-0.38123342  0.2302814   0.00342235  0.        ],1725718525.262315,[-113.90279956  -39.8326141   -19.43190213   80.94836272]
[ 0.07030975 -0.11342551  2.20387587  0.33720528],[ 0.05881767 -0.13700846  2.20295453  0.32986721],[ 0.06548053 -0.13580768  2.08236826  0.34443404],[0.37993469 0.00966944 0.00368529 1.        ],1725718525.262315,[  4.31666776 -28.28098061 -27.06254369 -40.77201749]
[ 0.02465111 -0.16587143  2.23504191  0.3697212 ],[ 0.0539307  -0.13665938  2.20304191  0.3377212 ],[ 0.06545065 -0.13565825  2.08239275  0.34443404],[-0.00059757  0.00298858  0.00048973  0.        ],1725718525.262315,[103.23051484  47.42147556 -33.89672312  48.98668473]
[ 0.02610578 -0.12027654  2.18607761  0.3636029 ],[ 0.04904374 -0.13631031  2.20312929  0.34557518],[ 0.04590745 -0.13971882  2.08321732  0.34443404],[-0.39086412 -0.08121147  0.01649142  0.        ],1725718525.262315,[ 33.12070763 -32.78242107 -22.12739328  22.36610702]
[ 0.07720406 -0.12114467  2.23144413  0.36491925],[ 0.04520406 -0.13552488  2.20321643  0.35255651],[ 0.04574426 -0.13951996  2.08337496  0.34443404],[-0.00326379  0.00397721  0.00315285  0.        ],1725718525.2633107,[-85.9274985  -24.10241441 -33.03092314  27.67233056]
[ 0.00936438 -0.10547084  2.18464519  0.37672523],[ 0.04136438 -0.13473944  2.20330358  0.35953784],[ 0.06455238 -0.13938824  2.08399846  0.34443404],[0.3761624  0.00263452 0.01247002 0.        ],1725718525.2633107,[149.44748689 -46.99908479 -21.66426192  48.29122971]
[ 0.03145973 -0.1657795   2.18453807  0.34220964],[ 0.03752463 -0.1337795   2.20330358  0.36739181],[ 0.04500032 -0.13759905  2.08416214  0.34443404],[-0.39104115  0.03578368  0.00327367  0.        ],1725718525.2633107,[ 11.90741511  46.1005448  -22.07997318 -19.50370252]
[ 0.00628719 -0.11789243  2.20574623  0.40724578],[ 0.03368489 -0.13281956  2.20330358  0.37524578],[ 0.04497167 -0.14062457  2.08432052  0.34443404],[-0.00057296 -0.06051045  0.00316746  0.        ],1725718525.2633107,[ 90.74720168 -37.30526165 -26.9258395  114.12884203]
[ 0.06123428 -0.15164381  2.19739565  0.41771776],[ 0.02923428 -0.13177235  2.20339084  0.38571776],[ 0.02523745 -0.14029392  2.08435135  0.39443404],[-3.94684393e-01  6.61302822e-03  6.16728973e-04  1.00000000e+00],1725718525.2643077,[-104.62793466   19.86784611  -24.78525941   11.76106513]
[-0.00721633 -0.15502281  2.18880116  0.38376415],[ 0.02478367 -0.13072513  2.2034781   0.39618975],[ 0.04444412 -0.14037509  2.08445751  0.39443404],[ 0.38413342 -0.00162337  0.00212317  0.        ],1725718525.2643077,[142.47224754  19.80776772 -22.86789978 -30.38200197]
[-0.00476087 -0.09671797  2.21738275  0.4181355 ],[ 0.02033306 -0.12871797  2.20374     0.40666172],[ 0.02469795 -0.14045619  2.08460416  0.39443404],[-0.3949234  -0.00162205  0.00293289  0.        ],1725718525.2643077,[ 52.8303639  -66.10466954 -29.49791459  47.78417202]
[-0.01611755 -0.13254162  2.1720019   0.40101595],[ 0.01588245 -0.1267108   2.2040019   0.41713369],[ 0.01625091 -0.11201468  2.08473747  0.39443404],[-0.16894086  0.56883026  0.00266628  0.        ],1725718525.2653048,[ 68.79530613  36.30861881 -18.7393924    0.47074185]
[ 0.0027879  -0.11918375  2.19212644  0.41157025],[ 0.01256635 -0.12470378  2.20408916  0.42498766],[-0.00299035 -0.11236364  2.08492642  0.39443404],[-0.38482519 -0.00697927  0.00377906  0.        ],1725718525.2653048,[-27.09108406   7.03753441 -23.78495398  27.68585371]
[-0.00564522 -0.09069676  2.22285727  0.44867366],[ 0.00925025 -0.12269676  2.20417643  0.43284163],[-0.00295918 -0.11244059  2.08505615  0.39443404],[ 0.00062347 -0.00153897  0.00259454  0.        ],1725718525.2653048,[  8.94538261 -32.79679041 -30.62470499  89.40592371]
[-0.0185621  -0.09629751  2.20951222  0.46216516],[ 0.00479964 -0.1199041   2.20417631  0.44505896],[-0.00298949 -0.11224203  2.08530215  0.44443404],[-6.06243652e-04  3.97126602e-03  4.91995915e-03  1.00000000e+00],1725718525.2653048,[ 37.6189063  -20.21538245 -27.18921687   5.88099641]
[-0.03165097 -0.10921297  2.20789948  0.48927628],[ 3.49033886e-04 -1.17111444e-01  2.20417619e+00  4.57276285e-01],[-0.00348126 -0.11211749  2.08532062  0.44443404],[-0.00983537  0.00249076  0.0003694   0.        ],1725718525.2663054,[ 63.83290838  -1.96455018 -26.95090727  72.20509904]
[-0.00873954 -0.14675528  2.21862068  0.43538671],[-0.00322886 -0.11475528  2.20408893  0.46687558],[-0.02152615 -0.111998    2.08535033  0.47994242],[-3.60897755e-01  2.38987564e-03  5.94209862e-04  7.10167573e-01],1725718525.2663054,[ -42.84441397   51.27880882  -29.42724742 -101.72454961]
[-0.0232877  -0.13232636  2.23524658  0.49767762],[-0.00680675 -0.11239912  2.20400167  0.47647488],[-0.01970212 -0.12100345  2.08547764  0.42994242],[ 0.03648049 -0.1801091   0.00254615 -1.        ],1725718525.2663054,[ 13.93796096  11.58668286 -33.11547306 143.31009196]
[ 0.02091722 -0.07968875  2.21168043  0.47860414],[-0.01108278 -0.10960672  2.20417631  0.48956484],[-0.0197307  -0.12108077  2.08611975  0.47994242],[-5.71490158e-04 -1.54625548e-03  1.28422516e-02  1.00000000e+00],1725718525.2663054,[-102.36443652  -62.19466691  -27.37932977  -34.92179279]
[ 0.01012891 -0.08858351  2.20700402  0.47065479],[-0.01535882 -0.10681433  2.20435095  0.50265479],[-2.24716568e-05 -9.98824922e-02  2.08612876e+00  4.79942422e-01],[3.94164473e-01 4.23965468e-01 1.80274334e-04 0.00000000e+00],1725718525.2672997,[ -9.21294934 -10.60052694 -26.54532648 -16.07536224]
[ 0.01262686 -0.07986294  2.23635095  0.48473573],[-0.01937314 -0.10402174  2.20435095  0.51487213],[ 1.16279325e-04 -9.97625807e-02  2.08617615e+00  4.79942422e-01],[0.00277502 0.00239823 0.00094771 0.        ],1725718525.2672997,[-27.07569894 -27.50051323 -33.33379527  13.08600995]
[ 0.00861255 -0.1115086   2.19572245  0.50451086],[-0.02338745 -0.10122915  2.20435095  0.52708948],[ 1.46964068e-04 -9.96182768e-02  2.08686641e+00  4.79942422e-01],[0.00061369 0.00288608 0.01380512 0.        ],1725718525.2672997,[-16.100953    20.25263584 -23.5318364   41.92241014]
[-0.0361097  -0.06608755  2.23626369  0.54735311],[-0.02748899 -0.09808755  2.20426369  0.53930676],[ 2.64262920e-04 -9.96999449e-02  2.08700136e+00  4.79942422e-01],[ 0.00234598 -0.00163336  0.0026991   0.        ],1725718525.2672997,[ 93.67043194 -50.89162673 -33.24500735 109.54638259]
[-0.03859387 -0.08532648  2.17217643  0.58007967],[-0.03159053 -0.09494595  2.20417643  0.55152404],[-0.0199455  -0.09591701  2.08767215  0.52994242],[-0.40419531  0.07565879  0.01341578  1.        ],1725718525.268297,[ 31.99830266 -10.67907786 -17.93817984  57.88992563]
[-0.03892463 -0.11864828  2.2089387   0.53174136],[-0.03569199 -0.09180442  2.20417643  0.56374136],[-0.02007125 -0.09579712  2.08786567  0.54100815],[-0.00251503  0.00239774  0.00387037  0.22131455],1725718525.268297,[ 39.48425155  34.95772768 -27.00468111 -40.74610901]
[-0.03398063 -0.05924267  2.20851637  0.60081947],[-0.03979346 -0.08866289  2.20417643  0.57595867],[-0.02082373 -0.09606833  2.08789294  0.54100815],[-0.01504961 -0.00542418  0.00054545  0.        ],1725718525.268297,[ 25.25577102 -57.16513468 -26.53262305 112.10843685]
[-0.04069386 -0.10721996  2.18575201  0.55530328],[-0.04354592 -0.08578302  2.20417631  0.58730328],[-0.02082834 -0.0847693   2.0879409   0.59100815],[-9.21410578e-05  2.25980611e-01  9.59186941e-04  1.00000000e+00],1725718525.269294,[ 44.15944149  38.1327284  -21.28849658 -92.97819688]
[-0.01529838 -0.10428364  2.2232064   0.58115195],[-0.04729838 -0.08290314  2.20417619  0.59864789],[-0.02283831 -0.085275    2.08810933  0.54100815],[-0.04019938 -0.01011402  0.00336852 -1.        ],1725718525.269294,[-26.54523928  24.59795379 -30.09719953  89.39718555]
[-0.06438004 -0.06833115  2.19113564  0.5875469 ],[-0.05183627 -0.0794124   2.20435071  0.61261055],[-0.0228217  -0.08536634  2.08829897  0.59100815],[ 3.32274987e-04 -1.82682995e-03  3.79287673e-03  1.00000000e+00],1725718525.269294,[106.18200702 -27.65369672 -22.29888259 -25.49928353]
[-0.04691983 -0.07645713  2.2217674   0.61885983],[-0.05637417 -0.07592166  2.20452523  0.6265732 ],[-0.0433032  -0.08522133  2.08845468  0.59100815],[-0.40963     0.0029001   0.00311418  0.        ],1725718525.269294,[ -7.37509262 -10.38302813 -29.63599739  51.79442688]
[-0.0366152  -0.10004346  2.17252535  0.62284017],[-0.06003934 -0.0731292   2.20452535  0.63791785],[-0.04315789 -0.08510158  2.08860047  0.59159743],[0.00290617 0.00239518 0.00291593 0.01178552],1725718525.2702925,[-17.67293515  23.12179647 -17.96564343  42.86813598]
[-0.05533102 -0.09091126  2.17252547  0.67597111],[-0.06370452 -0.07033674  2.20452547  0.64926249],[-0.04304675 -0.08518843  2.08879397  0.59159743],[ 0.00222274 -0.00173705  0.00386981  0.        ],1725718525.2702925,[ 33.08441535   6.23248972 -18.41898203 136.87612249]
[-0.10024241 -0.04138391  2.22925186  0.68928521],[-0.06824241 -0.06675879  2.20443809  0.66409779],[-0.04321662 -0.08526541  2.08898516  0.64159743],[-0.00339732 -0.0015397   0.00382397  1.        ],1725718525.2712612,[136.79417686 -65.03486166 -31.42854693  45.3386374 ]
[-0.05823785 -0.03118083  2.23635071  0.64693308],[-0.0727803  -0.06318083  2.20435071  0.67893308],[-0.06395037 -0.05872249  2.08933405  0.64159743],[-0.41467502  0.53085855  0.00697769  0.        ],1725718525.2712612,[-36.63296283 -34.01249909 -32.41170531 -13.28594954]
[-0.10896906 -0.05438817  2.17235071  0.69285188],[-0.07696906 -0.05995202  2.20435071  0.69202307],[-0.06329013 -0.05850079  2.08983954  0.64159743],[0.01320484 0.00443387 0.0101098  0.        ],1725718525.2712612,[115.69664132  -2.06987266 -17.50224247  89.69689689]
[-0.05490373 -0.06289164  2.2024587   0.70707492],[-0.08115781 -0.0567232   2.20435071  0.70511305],[-0.08428635 -0.0583817   2.09003528  0.69159743],[-0.41992446  0.00238176  0.00391476  1.        ],1725718525.2712612,[-90.9539051    7.18925107 -25.03466834   3.25736243]
[-0.11734656 -0.05985176  2.18424954  0.73221113],[-0.08534656 -0.0535816   2.20443809  0.71820301],[-0.06380602 -0.05845884  2.09013492  0.69159743],[ 0.40960666 -0.00154272  0.00199284  0.        ],1725718525.2722583,[144.53830721   1.39179949 -20.52066487  65.67546969]
[-0.10488181 -0.01844001  2.17252547  0.76329296],[-0.08953532 -0.05044001  2.20452547  0.73129296],[-0.08480921 -0.05853584  2.09031131  0.7166215 ],[-0.42006391 -0.0015399   0.00352783  0.50048153],1725718525.2722583,[ 28.77875263 -58.87432203 -17.96715871  64.51405154]
[-0.1261605  -0.05215415  2.17261273  0.73153127],[-0.0941605  -0.04694933  2.20461273  0.74612823],[-0.08485764 -0.04413818  2.09050498  0.73989888],[-0.00096866  0.2879532   0.00387348  0.4655475 ],1725718525.2722583,[ 94.67919012  17.47840034 -18.06263193 -37.46399019]
[-0.13078568 -0.04430251  2.23669999  0.75528936],[-0.09878568 -0.04345866  2.20469999  0.7609635 ],[-0.10614969 -0.04421764  2.09069821  0.73989888],[-0.42584099 -0.00158926  0.00386459  0.        ],1725718525.2732556,[ 44.92912368  -1.02497064 -32.76444342  31.71931301]
[-0.07062536 -0.03681693  2.23669987  0.75393573],[-0.10262536 -0.04014256  2.20469987  0.77318084],[-0.10862221 -0.04409863  2.09127033  0.73989888],[-0.04945032  0.00238017  0.01144233  0.        ],1725718525.2732556,[-104.06570995  -10.66791896  -31.98873163   17.87889875]
[-0.13279654 -0.02106927  2.21205506  0.80260215],[-0.10646503 -0.03682646  2.20469975  0.78539819],[-0.08768816 -0.04397906  2.09170424  0.73989888],[0.41868089 0.00239143 0.00867819 0.        ],1725718525.2732556,[126.98671838 -32.4813682  -26.22438657 106.12821237]
[-0.11111664 -0.0568      2.18592308  0.83136078],[-0.11065385 -0.03289943  2.20478702  0.79936078],[-0.10902384 -0.0437865   2.09176458  0.78989888],[-0.42671352  0.00385124  0.00120675  1.        ],1725718525.2732556,[-12.5569913   22.32778768 -20.45085187  44.5338554 ]
[-0.08284267  0.0030276   2.22002493  0.83041785],[-0.11484267 -0.0289724   2.20487428  0.81332338],[-0.10888287 -0.04387175  2.09194177  0.78989888],[ 0.00281932 -0.00170507  0.00354382  0.        ],1725718525.2742531,[-65.49718126 -70.49625254 -28.5202567   53.03243231]
[-0.14006928 -0.02806871  2.19548036  0.8373898 ],[-0.11824606 -0.02617994  2.2048744   0.82554072],[-0.09227319 -0.01040514  2.09200027  0.79222541],[0.33219376 0.6693321  0.00117007 0.04653064],1725718525.2752512,[128.95580633  32.57164689 -22.51762167  61.84680233]
[-0.119284   -0.04594671  2.17526849  0.82106825],[-0.12164944 -0.02338748  2.20487452  0.83775806],[-0.11367524 -0.01059007  2.09215309  0.81026266],[-0.42804114 -0.00369844  0.00305644  0.36074496],1725718525.2752512,[ -4.88262557  49.20724548 -18.08011168  -2.22883758]
[-0.13967138 -0.00299129  2.20473061  0.86319496],[-0.12662363 -0.01980959  2.20469999  0.85259336],[-0.11351972 -0.01658617  2.09234642  0.81026266],[ 0.00311047 -0.11992199  0.00386651  0.        ],1725718525.2762487,[ 62.74264861 -24.9629206  -25.01955166  90.09146348]
[-0.09959782 -0.03140619  2.2210219   0.89942866],[-0.13159782 -0.0162317   2.20452547  0.86742866],[-0.13231718 -0.01645293  2.09244662  0.86026266],[-0.3759491   0.00266481  0.00200407  1.        ],1725718525.2762487,[-91.55509139  23.83096578 -28.44976729  45.0912992 ]
[-0.10335028 -0.03712536  2.19010255  0.87631334],[-0.13535028 -0.01396275  2.20461273  0.88051862],[-0.11107655 -0.01654216  2.09250039  0.86026266],[ 0.42481257 -0.0017846   0.00107527  0.        ],1725718525.2762487,[ -6.31061893  27.97693711 -21.16026776  10.0915389 ]
[-0.15646972  0.02030619  2.19525237  0.90147219],[-0.13910274 -0.01169381  2.20469999  0.89360857],[-0.11092284 -0.01665338  2.09267066  0.86026266],[ 0.00307415 -0.00222452  0.00340542  0.        ],1725718525.2772734,[116.16128186 -57.03597138 -22.61817174  66.47283005]
[-0.17581514  0.00479073  2.21939193  0.93074402],[-0.14381514 -0.00925029  2.20461273  0.9084439 ],[-0.13260364 -0.0056087   2.092822    0.88527962],[-0.43361606  0.22089368  0.0030268   0.50033924],1725718525.2772734,[ 89.39281699  -9.91958341 -28.08718585  62.05534144]
[-0.14065831 -0.03880677  2.19121662  0.90391115],[-0.14852753 -0.00680677  2.20452547  0.92327923],[-0.15461678 -0.00548928  2.09285258  0.90331294],[-0.44026267  0.00238832  0.00061172  0.36066646],1725718525.2772734,[-51.67530244  50.24634643 -21.3557733  -20.74613831]
[-0.18489085 -0.03697412  2.22671066  0.96924182],[-0.15289085 -0.00497412  2.20452535  0.93724182],[-0.14808372 -0.01290674  2.09302073  0.90331294],[ 0.13066112 -0.14834919  0.00336296  0.        ],1725718525.278271,[ 96.90824981  30.44284199 -29.76786937 118.38484525]
[-0.13157126 -0.03514146  2.17414002  0.98206142],[-0.15725417 -0.00314146  2.20452523  0.95120442],[-0.17036194 -0.01304713  2.09317898  0.95331294],[-0.44556433 -0.00280774  0.00316495  1.        ],1725718525.278271,[-110.82781358   28.88166868  -17.2799229    20.10139987]
[-0.12953021 -0.01521162  2.21095223  0.99601074],[-1.61530212e-01 -1.83258776e-03  2.20478714e+00  9.65167046e-01],[-0.14834979 -0.01316706  2.09337602  0.95331294],[ 0.44024302 -0.00239863  0.00394088  0.        ],1725718525.278271,[-31.47228438  -0.17550973 -26.2358455   63.05676552]
[-0.16803332  0.0041363   2.20583975  1.01112967],[-1.65806249e-01 -5.23710623e-04  2.20504904e+00  9.79129672e-01],[-0.14812047 -0.01304812  2.09343598  0.97308904],[0.0045864  0.00237873 0.00119911 0.39552198],1725718525.278271,[ 56.8629535  -25.44010064 -24.67669057  47.97819285]
[-0.16442403 -0.00308458  2.210432    1.02334701],[-1.69471428e-01 -8.73516838e-05  2.20487452e+00  9.91347015e-01],[-0.16237589 -0.01291331  2.09354556  0.97308904],[-0.28510853  0.00269618  0.00219158  0.        ],1725718525.2792683,[ -2.75094781 -11.9194182  -25.76020239  72.20484995]
[-0.17528395 -0.0282379   2.23669999  1.03556436],[-1.73136607e-01  3.49007256e-04  2.20469999e+00  1.00356436e+00],[-0.16221238 -0.0127936   2.09362276  1.00857512],[0.0032703  0.00239426 0.00154403 0.70972158],1725718525.2792683,[ 31.65840542  24.00962206 -31.74099479  24.45680069]
[-0.16674513 -0.03121463  2.19018449  1.05127227],[-1.76278204e-01  7.85366195e-04  2.20522356e+00  1.01927227e+00],[-0.16233857 -0.01288341  2.09401834  1.00857512],[-0.00252386 -0.00179626  0.00791171  0.        ],1725718525.2792683,[  5.7991559   24.61107752 -20.68368811  63.90003205]
[-0.15257039  0.03322173  2.21284768  1.00298018],[-1.79419801e-01  1.22172514e-03  2.20574713e+00  1.03498018e+00],[-0.16237285 -0.01297528  2.0941936   1.03009453],[-0.00068564 -0.00183723  0.00350517  0.43038828],1725718525.2802656,[-26.07981971 -70.23080725 -26.33057646 -69.30047172]
[-0.21217616 -0.02156628  2.20154678  1.08094286],[-1.80205233e-01  1.74536923e-03  2.20574713e+00  1.04894286e+00],[-0.1623675   0.02024686  2.0942499   1.02652932],[ 1.07064628e-04  6.64442636e-01  1.12592418e-03 -7.13043179e-02],1725718525.2802656,[127.56303454  67.81046919 -23.49083422 110.95927366]
[-0.16707472  0.01670005  2.23774713  1.0329059 ],[-0.18099067  0.00226901  2.20574713  1.06290555],[-0.18489439 -0.01551259  2.09438622  1.07652932],[-0.45053784 -0.71518899  0.00272652  1.        ],1725718525.2802656,[ -63.86161238  -53.13302523  -31.90292397 -104.6406615 ]
[-0.21264159  0.01516474  2.20497461  1.0491936 ],[-0.18064159  0.00244352  2.20539808  1.0759955 ],[-0.1682287  -0.00978956  2.09480715  1.02652932],[ 0.33331389  0.11446071  0.00841859 -1.        ],1725718525.2812626,[117.31768857 -31.89912028 -23.90224947  61.73494635]
[-0.16879489 -0.02938198  2.23704904  1.10354582],[-0.18029252  0.00261802  2.20504904  1.08908546],[-0.19085953 -0.00960583  2.09493514  1.04455668],[-0.45261662  0.00367456  0.00255978  0.36054729],1725718525.2812626,[-72.28063683  32.51707433 -31.58707698  95.30158689]
[-0.16373104  0.03461802  2.19392248  1.11629662],[-0.18029252  0.00261802  2.20504904  1.10304809],[-0.17029016 -0.00978931  2.09530802  1.09455668],[ 0.4113874  -0.00366952  0.00745745  1.        ],1725718525.2812626,[ -7.60558348 -67.81901404 -21.25670876  10.81709414]
[-0.18510508  0.02747393  2.19328731  1.09405577],[-0.18029252  0.00261802  2.20504904  1.11701071],[-0.17013068  0.02086272  2.09547751  1.09455668],[0.00318944 0.61304046 0.00338985 0.        ],1725718525.2812626,[ 39.77208139  -3.30834527 -21.51004532 -11.33680432]
[-0.21045975  0.00846836  2.17462264  1.16056634],[-0.18072888  0.0025308   2.20531082  1.13010067],[-0.17101888  0.02098176  2.09564413  1.09455668],[-0.01776392  0.00238086  0.0033324   0.        ],1725718525.28226,[ 92.06142017  19.25939837 -17.185453   119.05781666]
[-0.19222278 -0.01461584  2.22770211  1.13945156],[-0.18116523  0.00244358  2.20557261  1.14319062],[-0.193694    0.0209004   2.09584183  1.14455668],[-0.4535024  -0.00162715  0.00395404  1.        ],1725718525.28226,[-19.17786069  50.17911955 -29.54230915 -40.8738493 ]
[-0.20454363  0.02508894  2.20457295  1.18391728],[-0.18090338  0.00235617  2.20557261  1.15191728],[-0.19358192  0.01356011  2.0959799   1.14455668],[ 0.00224169 -0.14680592  0.00276135  0.        ],1725718525.28226,[ 27.80358149 -21.96243663 -23.65593683  73.29953047]
[-0.21264152 -0.02092206  2.17357261  1.17107464],[-0.18064152  0.00226875  2.20557261  1.16064394],[-0.19361755  0.01368648  2.0961131   1.18178117],[-7.12742083e-04  2.52757751e-03  2.66397870e-03  7.44489838e-01],1725718525.28226,[ 42.93338598  52.29753707 -16.72726581 -38.16485693]
[-0.18185911 -0.00943109  2.17339808  1.20137059],[-0.17994344  0.00226881  2.20539808  1.16937059],[-0.19538724  0.00273767  2.09631257  1.18178117],[-0.03539372 -0.21897632  0.00398954  0.        ],1725718525.283259,[-41.08628544  12.84579397 -16.95504205  40.40008985]
[-0.21124537  0.03426888  2.21319194  1.20696975],[-0.17924537  0.00226888  2.20522356  1.17809725],[-0.19380899  0.00265954  2.09651124  1.18178117],[ 0.03156496 -0.00156254  0.00397337  0.        ],1725718525.283259,[ 48.62965455 -48.00035386 -26.06887206  35.93651562]
[-0.21107079  0.01371187  2.20404956  1.15329952],[-0.17907079  0.00226888  2.20522356  1.18246055],[-0.19903288  0.00481758  2.0965776   1.18178117],[-0.10447784  0.0431608   0.00132722  0.        ],1725718525.283259,[ 23.03439468  -8.4840363  -23.55100615 -63.35749952]
[-0.14689622 -0.00810835  2.23401172  1.21882384],[-0.17889622  0.00226888  2.20522356  1.18682384],[-0.19904346  0.00493686  2.09671294  1.18178117],[-0.00021163  0.00238557  0.00270667  0.        ],1725718525.2842543,[-134.25102185   20.36492673  -30.50638567   80.34800242]
[-0.20135152  0.00722599  2.19405551  1.17517602],[-0.17915801  0.0023561   2.20531082  1.1911872 ],[-0.1764549   0.00485443  2.09694713  1.23178117],[ 0.45177122 -0.00164856  0.00468379  1.        ],1725718525.2842543,[  82.35839203   -5.34060551  -20.95872543 -119.66976579]
[-0.16018039  0.03444332  2.18339683  1.16816112],[-0.1794198   0.00244332  2.20539808  1.19555056],[-0.19918594  0.00497351  2.09711995  1.18178117],[-0.45462082  0.00238162  0.00345651 -1.        ],1725718525.2842543,[-106.67350905  -42.78494493  -18.87173233    2.65437488]
[-0.14733258  0.02918943  2.19384518  1.21068208],[-0.17933258  0.00244345  2.20539796  1.19816858],[-0.17660347  0.00577327  2.09730946  1.18178117],[0.45164957 0.01599505 0.00379024 0.        ],1725718525.2842543,[-57.34457587 -30.04148233 -21.34126595  58.55925609]
[-0.19007539  0.01605443  2.22045298  1.1789755 ],[-0.17924537  0.00244358  2.20539784  1.20078659],[-0.16522153  0.00593548  2.09747821  1.19456505],[0.22763868 0.00324421 0.00337482 0.25567755],1725718525.2852519,[ 73.24806118 -11.4507235  -27.32095582 -41.93363577]
[-0.16891726  0.00363339  2.21778456  1.18670926],[-0.17889629  0.00253087  2.20531058  1.20253187],[-0.18745143  0.00605512  2.09749025  1.19456505],[-4.44597915e-01  2.39283707e-03  2.40926458e-04  0.00000000e+00],1725718525.2852519,[-55.8139334    4.99451545 -26.43772864  -6.65743206]
[-0.15442386  0.00324355  2.21715734  1.17227716],[-0.17854722  0.00261815  2.20522332  1.20427716],[-0.17730997  0.00597762  2.09754237  1.19456505],[ 0.20282913 -0.00154995  0.00104233  0.        ],1725718525.2852519,[-49.54490914   3.65375477 -26.30844619 -36.3474314 ]
[-1.50472465e-01  1.69254944e-03  2.23626895e+00  1.22720386e+00],[-0.17854722  0.00261815  2.20522332  1.20689517],[-0.17212476  0.00590015  2.09759964  1.19456505],[ 0.10370426 -0.00154933  0.0011455   0.        ],1725718525.2863,[-44.76766309   5.76528372 -30.69931538  69.44804956]
[-0.16436063  0.03075618  2.23067822  1.18821908],[-0.17854722  0.00261815  2.20522332  1.20951319],[-0.16941099  0.00582264  2.09785612  1.22480485],[ 0.05427533 -0.00155038  0.00512955  0.60479597],1725718525.2863,[ -4.02073195 -37.08995504 -29.16192126 -81.52102491]
[-0.1734979   0.02147778  2.2373107   1.21330107],[-0.17872172  0.00253074  2.2053107   1.21387655],[-0.16924748  0.00614139  2.09796235  1.19925538],[ 0.00327018  0.00637502  0.00212463 -0.51098934],1725718525.2863,[ 12.54414723 -18.86818858 -30.7224217   42.84340092]
[-0.19514198 -0.00818738  2.18957335  1.2502399 ],[-0.17889622  0.00244332  2.20539808  1.2182399 ],[-0.16928003  0.00626409  2.09822161  1.19925538],[-0.00065089  0.00245399  0.00518517  0.        ],1725718525.2863,[ 62.55778654  23.34632527 -19.61357749  85.03020777]
[-0.17160604  0.03435617  2.22425287  1.24103082],[-0.17872172  0.00235617  2.20539796  1.22173047],[-0.18877309  0.00617602  2.09840628  1.24925538],[-0.38986121 -0.00176122  0.00369344  1.        ],1725718525.2872462,[-52.81533977 -43.30945247 -28.03395758 -39.2767785 ]
[-0.19437987  0.02361627  2.18261283  1.24285858],[-0.17854722  0.00226901  2.20539784  1.22522104],[-0.18115775  0.0070564   2.09843373  1.24925538],[0.15230676 0.01760759 0.00054885 0.        ],1725718525.2872462,[ 39.5954006  -20.19313382 -18.09939506  -7.56646252]
[-0.14628543  0.01345358  2.2373107   1.26245713],[-0.17828543  0.00235623  2.2053107   1.23045713],[-0.1820199   0.00718038  2.09862765  1.24925538],[-0.01724304  0.00247952  0.00387849  0.        ],1725718525.2872462,[-93.95436792  -6.80592603 -31.05967139  26.8336051 ]
[-0.14602364 -0.02955655  2.19805816  1.20369322],[-0.17802364  0.00244345  2.20522356  1.23569322],[-0.15984318  0.00729954  2.09892868  1.24925538],[0.44353447 0.0023832  0.00602065 0.        ],1725718525.288247,[-20.25712693  54.83305373 -21.40978455 -88.34873818]
[-0.20993635  0.03122463  2.23704892  1.22459875],[-0.17793635  0.00244352  2.20504892  1.24267447],[-0.15974521 -0.00909209  2.0990968   1.21355267],[ 0.00195942 -0.32783259  0.00336231 -0.71405435],1725718525.288247,[130.09409954 -64.28156067 -30.74079895  41.75278832]
[-0.16370882 -0.01713254  2.23687428  1.25536072],[-0.17784907  0.00244358  2.20487428  1.24965572],[-0.18222611  0.01604728  2.09935841  1.21355267],[-0.44961798  0.5027873   0.00523216  0.        ],1725718525.288247,[-65.74477397  54.33381454 -30.24909433  69.95237659]
[-1.87771311e-01 -1.36937305e-03  2.18178588e+00  1.28160813e+00],[-0.17793635  0.00253087  2.2006855   1.25401902],[-1.64448072e-01  7.82382842e-04  2.09956497e+00  1.24553731e+00],[ 0.3555607  -0.30529786  0.00413126  0.63969287],1725718525.288247,[ 65.21400167  -1.60786438 -17.53122847  44.85960317]
[-0.20106564 -0.01984981  2.17799611  1.29038232],[-0.17802364  0.00261815  2.19649673  1.25838232],[-1.85137694e-01  9.01347153e-04  2.09976167e+00  1.24553731e+00],[-0.41379245  0.00237929  0.00393408  0.        ],1725718525.289241,[ 30.37862428  30.05793442 -17.17139275  63.40702718]
[-0.15602375 -0.01296196  2.12578572  1.2945225 ],[-0.17898358  0.00218179  2.15600514  1.26536369],[-1.85226394e-01  7.66576703e-04  2.09995989e+00  1.26530108e+00],[-0.00177399 -0.00269541  0.00396444  0.39527545],1725718525.289241,[-78.79692966  17.11490745  -5.15340382  31.07294072]
[-0.18991159 -0.00279643  2.12742946  1.24633799],[-1.79943517e-01  1.74543576e-03  2.11551356e+00  1.27234507e+00],[-1.63618271e-01  6.86999668e-04  2.10017320e+00  1.26530108e+00],[ 0.43216245 -0.00159154  0.00426603  0.        ],1725718525.289241,[ 76.79625969   3.12938186  -6.01079625 -48.15985065]
[-0.20408833  0.01017043  2.07589018  1.26535363],[-1.79419868e-01 -2.61722191e-04  2.05512512e+00  1.27932632e+00],[-1.86006178e-01  6.09587458e-04  2.10038634e+00  1.26530108e+00],[-0.44775813 -0.00154824  0.00426283  0.        ],1725718525.2902384,[ 34.55977611 -14.4903326    5.91081839   9.19687436]
[-0.20453793  0.01458366  2.01249785  1.29429746],[-0.17889622 -0.00226888  1.99473667  1.28630757],[-1.86278276e-01  7.29935631e-04  2.09998834e+00  1.26530108e+00],[-0.00544197  0.00240696 -0.00796005  0.        ],1725718525.2902384,[ 38.23253697 -18.9023472   19.88288948  52.16825264]
[-0.20446459 -0.02000397  1.90374458  1.28303901],[-0.17662727 -0.00375246  1.93574458  1.29241627],[-1.86918561e-01  8.52656859e-04  2.09963222e+00  1.26586191e+00],[-0.0128057   0.00245442 -0.00712235  0.01121665],1725718525.2902384,[36.39030768 32.50682957 44.1879228  17.00050503]
[-0.1650892  -0.03295376  1.8447525   1.2846754 ],[-0.17435832 -0.00523604  1.8767525   1.29852498],[-1.87339408e-01  6.69253325e-04  2.06124014e+00  1.26586191e+00],[-0.00841694 -0.00366807 -0.76784151  0.        ],1725718525.2912366,[-62.16674309  46.21256978  47.83493042  25.61927135]
[-0.18980495 -0.03854498  1.80260283  1.29602119],[-0.1731366  -0.00654498  1.83460283  1.30550629],[-0.1718354  -0.00245757  1.97328451  1.26586191],[ 0.31008023 -0.06253654 -1.75911258  0.        ],1725718525.2912366,[53.38687149 47.98867775 37.08824566 45.2562286 ]
[-0.1736405  -0.03675064  1.78625701  1.29020963],[-0.17191488 -0.00785393  1.79245317  1.3124876 ],[-0.18212723 -0.00708762  1.96921059  1.26586191],[-0.20583658 -0.0926009  -0.08147846  0.        ],1725718525.2912366,[-28.15045253  38.23418738  40.37348763  29.3494261 ]
[-0.14087482  0.02274978  1.73591822  1.29041756],[-0.17287482 -0.00925022  1.75501591  1.31946892],[-0.18205477 -0.00760721  1.95864625  1.26586191],[ 0.00144917 -0.01039186 -0.21128688  0.        ],1725718525.2912366,[-98.93415104 -48.67569294  49.40109258  32.51326673]
[-0.17849535 -0.01747666  1.68557865  1.32192043],[-0.17383476 -0.01064652  1.71757865  1.32645023],[-0.15984141 -0.00514671  1.85689235  1.26586191],[ 0.44426723  0.04920995 -2.03507803  0.        ],1725718525.2922328,[62.5373603  22.39513364 37.17075657 89.1186233 ]
[-0.17460949  0.02021904  1.69614526  1.35210496],[-0.17488197 -0.01178096  1.68712258  1.3316862 ],[-0.17917859 -0.0052324   1.8535248   1.31586191],[-0.38674378 -0.00171379 -0.06735097  1.        ],1725718525.2922328,[-18.69000742 -39.01224821  34.48304092  38.32939832]
[-0.19208895 -0.03620306  1.64133276  1.36892217],[-0.17592919 -0.0129154   1.65666652  1.33692217],[-0.17906356 -0.00481078  1.85208892  1.31586191],[ 0.00230069  0.00843251 -0.02871749  0.        ],1725718525.2922328,[34.14826251 49.58693011 46.90439248 78.11179351]
[-0.17625213 -0.03876616  1.58750044  1.31103087],[-0.17566741 -0.01352633  1.5937475   1.34303087],[-0.17930813 -0.01130104  1.80409208  1.36586191],[-0.00489136 -0.12980521 -0.95993679  1.        ],1725718525.2922328,[ -12.71666757   35.69096662   47.70898322 -124.16480275]
[-0.20175589 -0.01445763  1.50299613  1.35474106],[-0.17540562 -0.01413726  1.53082848  1.34913957],[-0.17915938 -0.01161307  1.75099316  1.31586191],[ 0.00297495 -0.00624072 -1.06197842 -1.        ],1725718525.2932022,[57.32353135  0.22521473 54.87591449 96.30136855]
[-1.63503964e-01 -4.47591201e-05  1.48987358e+00  1.32962365e+00],[-0.17392211 -0.01431169  1.45787358  1.35437554],[-0.19428813 -0.01169035  1.59119338  1.36586191],[-3.02574898e-01 -1.54558683e-03 -3.19599571e+00  1.00000000e+00],1725718525.2932022,[-85.34952971 -17.4494939   20.81184795 -83.89086116]
[-0.15943161  0.01751387  1.41691869  1.32761151],[-0.17243859 -0.01448613  1.38491869  1.35961151],[-0.17205476 -0.01156868  1.59105581  1.33694159],[ 0.44466737  0.00243349 -0.00275131 -0.57840651],1725718525.2932022,[-19.23419857 -40.88872508  39.04416526   0.6002248 ]
[-0.20356588  0.0157822   1.30754113  1.39684748],[-0.17156588 -0.01457348  1.29529607  1.36484748],[-0.17194534 -0.01099631  1.58736323  1.33694159],[ 0.00218838  0.01144747 -0.07385161  0.        ],1725718525.2941992,[ 83.50123703 -35.01732267  62.62616571 112.30904299]
[-0.15805397 -0.04396896  1.2212705   1.33808345],[-0.17069316 -0.01466084  1.20567346  1.37008345],[-0.19460533 -0.01074986  1.41259743  1.38694159],[-0.45319992  0.00492894 -3.49531603  1.        ],1725718525.2941992,[-103.22481242   52.45046899   41.19989325 -116.69947659]
[-0.2033913  -0.04674805  1.16236175  1.36977612],[-0.1713913  -0.01474805  1.1430161   1.37357414],[-0.17212422 -0.02196743  1.40737364  1.33694159],[ 0.44962225 -0.22435135 -0.10447575 -1.        ],1725718525.2941992,[92.04153451 31.50068953 54.44376036 82.55405323]
[-0.14828929 -0.04683527  1.06990066  1.37634526],[-0.17208944 -0.01483527  1.08035874  1.37706482],[-0.19481924 -0.02212684  1.31880566  1.38694159],[-0.45390041 -0.00318836 -1.77135972  1.        ],1725718525.2941992,[-127.86851773   32.6047751    54.798341    -34.83397273]
[-0.18771691  0.00637788  1.04437822  1.34855551],[-0.17304938 -0.01492249  1.01237822  1.38055551],[-0.17231836 -0.02231245  1.23690306  1.38694159],[ 0.45001756 -0.00371221 -1.6380518   0.        ],1725718525.2951965,[ 56.55801862 -45.52648743  41.78715496 -64.00870174]
[-0.15603454 -0.00212234  0.91239769  1.37775798],[-0.17400932 -0.01500971  0.94439769  1.3840462 ],[-0.18649238 -0.02097551  1.23194965  1.38694159],[-0.28348024  0.02673887 -0.09906834  0.        ],1725718525.2951965,[-81.7059514  -23.4759299   71.58186453   1.89482583]
[-0.16481363 -0.04700978  0.92124536  1.41953676],[-0.17339846 -0.01500978  0.88924536  1.38753676],[-0.16460838 -0.02084623  1.11845075  1.38694159],[ 0.43767999  0.00258552 -2.26997801  0.        ],1725718525.2951965,[12.49796317 40.98946955 42.1519316  63.07944592]
[-0.20478759 -0.04197997  0.81993225  1.42302733],[-0.17278759 -0.01500984  0.83409303  1.39102733],[-0.16464083 -0.02179533  1.11358263  1.4066994 ],[-0.00064902 -0.01898186 -0.09736229  0.39515615],1725718525.2951965,[99.62771691 25.7865953  65.57525091 13.74459813]
[-0.16471049 -0.00299029  0.73725397  1.42477273],[-0.17200223 -0.01483527  0.76925397  1.39277273],[-0.18720675 -0.02189212  1.01465682  1.4066994 ],[-4.51318493e-01 -1.93594666e-03 -1.97851635e+00  0.00000000e+00],1725718525.296194,[-71.67347243 -30.55385645  60.86485111  24.69459857]
[-0.14797253 -0.02498301  0.67559914  1.40745616],[-0.17121686 -0.0146607   0.7044149   1.39451814],[-0.16687311 -0.02172482  0.92939622  1.4066994 ],[ 0.40667288  0.00334615 -1.70521183  0.        ],1725718525.296194,[-38.08695037   7.47767172  55.59741266  -7.31303432]
[-0.16961662 -0.04674805  0.66083118  1.41698483],[-0.17174044 -0.01474805  0.64751726  1.39626342],[-0.1659437  -0.02180219  0.86783733  1.4066994 ],[ 0.0185881  -0.00154742 -1.23117782  0.        ],1725718525.296194,[16.56131743 36.03768756 45.06970199 18.15053535]
[-0.17234318 -0.03810149  0.57440701  1.3660087 ],[-0.17226402 -0.01483541  0.59061962  1.3980087 ],[-0.16597266 -0.0221351   0.85902881  1.4066994 ],[-0.00057919 -0.0066582  -0.1761704   0.        ],1725718525.2971911,[ 14.37616709  19.78834397  63.39916201 -78.18025485]
[-0.14113667  0.00275344  0.50355439  1.38047393],[-0.17313667 -0.01518448  0.53555439  1.39975405],[-0.1660039  -0.02221662  0.77855686  1.38793898],[-6.24696603e-04 -1.63049072e-03 -1.60943898e+00 -3.75208299e-01],1725718525.2971911,[-64.26767508 -38.82913265  60.40358065   6.09443024]
[-0.19227508 -0.02302083  0.48328003  1.40380868],[-0.17400932 -0.01553355  0.48048916  1.40149939],[-0.14935111 -0.0218067   0.70592665  1.38793898],[ 0.33305574  0.00819844 -1.45260425  0.        ],1725718525.2971911,[116.3937102    5.35641479  48.45451097  32.14868599]
[-0.18788022 -0.03517706  0.46239681  1.39581797],[-0.17418382 -0.01570806  0.43319075  1.40149939],[-0.17165278 -0.02188399  0.68774569  1.38793898],[-0.44603347 -0.00154577 -0.36361921  0.        ],1725718525.2971911,[23.40759603 19.27849492 49.60399159  6.56472757]
[-0.17552385 -0.0386135   0.36143437  1.39968752],[-0.17435832 -0.01588256  0.38589233  1.40149939],[-0.17166103 -0.02196499  0.6648109   1.38793898],[-1.64898796e-04 -1.62006482e-03 -4.58695827e-01  0.00000000e+00],1725718525.2981884,[ 3.2065827  22.45706686 67.52935602 17.36544561]
[-0.19160324 -0.02555186  0.35963558  1.36949939],[-0.17418382 -0.01588249  0.3565708   1.40149939],[-0.17169581 -0.02205067  0.58959553  1.38793898],[-6.95640671e-04 -1.71360831e-03 -1.50430748e+00  0.00000000e+00],1725718525.2981884,[ 47.92167435   2.73677326  49.85114962 -38.83056064]
[-0.14200932 -0.04788243  0.31833969  1.41828257],[-0.17400932 -0.01588243  0.32724926  1.40149939],[-0.17623498 -0.0221279   0.5665148   1.38793898],[-0.09078336 -0.00154462 -0.46161445  0.        ],1725718525.2981884,[-92.83840162  37.18620821  54.7821339   63.46945829]
[-0.20600932 -0.03690055  0.32077247  1.43349939],[-0.17400932 -0.01570799  0.29679336  1.40149939],[-0.15418383 -0.0225455   0.51902652  1.40769675],[ 0.44102292 -0.00835186 -0.94976573  0.39515531],1725718525.2981884,[142.18500533  17.31444853  43.11268533  31.87983656]
[-0.14684948 -0.0253511   0.23433745  1.38016754],[-0.17400932 -0.01553355  0.26633745  1.40149939],[-0.17656824 -0.022625    0.51456478  1.40769675],[-0.44768811 -0.00159014 -0.08923469  0.        ],1725718525.299186,[-94.20801994   1.93132549  62.4763029  -61.93785004]
[-0.14209661  0.00410352  0.24069032  1.42169306],[-0.17409661 -0.01553349  0.24294997  1.40149939],[-0.15449547 -0.02270222  0.44695094  1.40769675],[ 0.44145539 -0.00154431 -1.35227692  0.        ],1725718525.299186,[-19.0965106  -39.61726586  44.63175222  38.40738545]
[-0.17319544  0.00578389  0.23673337  1.36949939],[-0.17418389 -0.01553342  0.21956249  1.40149939],[-0.15438641 -0.02223837  0.4404519   1.40769675],[ 0.0021811   0.00927693 -0.12998064  0.        ],1725718525.299186,[ 51.59429466 -37.16378283  44.79245339 -75.47347259]
[-0.19165908 -0.0267636   0.15256855  1.38417289],[-0.17427111 -0.01570799  0.18456855  1.40062672],[-0.16242439 -0.02191641  0.43369201  1.39401431],[-0.16075943  0.00643924 -0.13519795 -0.27364882],1725718525.3001833,[65.20405267 11.11045617 62.62740301  0.62017384]
[-0.18899338 -0.00504739  0.15206384  1.37909005],[-0.17435832 -0.01588256  0.14957461  1.39975405],[-0.18307752 -0.02199407  0.36789869  1.39401431],[-0.41306268 -0.00155329 -1.31586631  0.        ],1725718525.3001833,[  3.18586516 -25.49399037  46.82555795 -22.13978677]
[-0.19758054  0.01594294  0.09558356  1.4297191 ],[-0.17462018 -0.01605706  0.12758356  1.39975405],[-0.18311262 -0.02185907  0.35694355  1.39401431],[-0.00070208  0.0027001  -0.21910288  0.        ],1725718525.3001833,[ 33.60404501 -52.88846739  57.95809177  71.43227651]
[-0.19187248 -0.04449092  0.1375925   1.42638189],[-0.17488204 -0.01623157  0.1055925   1.39975405],[-0.18332683 -0.01638483  0.30131996  1.42773698],[-0.00428411  0.10948479 -1.11247187  0.67445354],1725718525.3001833,[ 15.529399    46.54862768  35.03590318 -19.57747624]
[-0.20382249 -0.01888532  0.07236694  1.36775405],[-0.17514383 -0.01623157  0.09346247  1.39975405],[-0.18335742 -0.01975061  0.30092904  1.42773698],[-0.00061182 -0.0673156  -0.00781825  0.        ],1725718525.3011804,[  47.46349371   -5.29552548   50.93719665 -107.31883896]
[-0.18456027  0.01174295  0.10772001  1.43175405],[-0.17540562 -0.01623157  0.08133244  1.39975405],[-0.1875808  -0.01963154  0.27545126  1.37773698],[-0.08446756  0.0023815  -0.50955574 -1.        ],1725718525.3011804,[-15.55683469 -45.78811204  36.28769796 126.02252397]
[-0.14762658  0.01576837  0.10565295  1.41032542],[-0.17531833 -0.01623163  0.07365295  1.39975405],[-0.18744323 -0.01822574  0.27487519  1.42773698],[ 0.00275128  0.02811586 -0.01152132  1.        ],1725718525.3011804,[-97.69976897 -45.24777322  37.24392292 -57.26901066]
[-0.18991877  0.0118773   0.09797345  1.40762355],[-0.17523104 -0.0162317   0.06597345  1.39975405],[-0.16512912 -0.01695831  0.27410413  1.42773698],[ 0.44628222  0.0253487  -0.01542113  0.        ],1725718525.3011804,[ 77.2394066  -37.32347916  38.81838655 -27.84663389]
[-0.15012423  0.00531924  0.05609878  1.37442556],[-0.17531833 -0.01623163  0.06117377  1.39975405],[-0.18755837 -0.01662922  0.27287532  1.42773698],[-0.44858487  0.0065817  -0.02457625  0.        ],1725718525.302178,[-102.72861575  -27.98462352   48.10054915  -86.30612009]
[-0.2019241  -0.04823157  0.02437409  1.36775405],[-0.17540562 -0.01623157  0.05637409  1.39975405],[-0.16522171 -0.01648264  0.25858308  1.39543772],[ 0.44673315  0.00293168 -0.28584478 -0.64598524],1725718525.302178,[105.88812639  49.60664271  51.70169678 -24.24112884]
[-0.18348952 -0.02131008  0.08767608  1.36775405],[-0.17558012 -0.01623163  0.05567608  1.39975405],[-0.18779875 -0.02299166  0.22996461  1.39543772],[-0.45154078 -0.13018034 -0.57236942  0.        ],1725718525.302178,[-25.14845103  -7.01227571  30.37691923 -36.54245033]
[-0.20372603 -0.0482317   0.08697806  1.37811496],[-0.17575462 -0.0162317   0.05497806  1.39975405],[-0.18778027 -0.02287249  0.22990325  1.39543772],[ 0.0003695   0.00238338 -0.00122715  0.        ],1725718525.3032029,[ 41.2989839   37.35073077  31.44995963 -17.89280649]
[-0.18263394  0.00604098  0.058292    1.40191661],[-0.17558012 -0.01623163  0.05497793  1.39975405],[-0.18903168 -0.02330427  0.22980015  1.39543772],[-0.02502821 -0.00863566 -0.00206215  0.        ],1725718525.3032029,[-22.16567825 -46.5781558   38.0199072   19.97692752]
[-0.14340562 -0.00339157  0.04637808  1.42787041],[-0.17540562 -0.01623157  0.0549778   1.39975405],[-0.18895604 -0.02166687  0.22884027  1.39543772],[ 0.00151279  0.03274806 -0.01919759  0.        ],1725718525.3032029,[-110.61087702  -22.53640399   40.25209871   55.26897293]
[-0.18239753 -0.04714876  0.07610498  1.39721893],[-0.17540562 -0.01623157  0.0549778   1.39975405],[-0.16657926 -0.02153951  0.22700703  1.40123   ],[ 0.44753571  0.00254711 -0.03666478  0.11584562],1725718525.3041997,[ 57.21490932  40.09549577  32.88032432 -22.78762186]
[-0.15833643  0.00853416  0.0229778   1.36775405],[-0.17540562 -0.01623157  0.0549778   1.39975405],[-0.18143659 -0.02231655  0.22682454  1.40123   ],[-0.2971467  -0.01554084 -0.00364969  0.        ],1725718525.3041997,[-63.5976349  -48.81703805  45.37996651 -58.33140527]
[-0.15586736 -0.02267283  0.08325744  1.41254175],[-0.17549291 -0.0162315   0.05489058  1.39975405],[-0.16499839 -0.01978745  0.21947764  1.40123   ],[ 0.32876416  0.05058208 -0.1469381   0.        ],1725718525.3041997,[-13.58557986   8.64510617  29.28676662  36.42959599]
[-0.20758019 -0.01669357  0.05021428  1.36775405],[-0.17558019 -0.01623143  0.05480336  1.39975405],[-0.16485461 -0.0198649   0.2194476   1.40123   ],[ 0.0028755  -0.00154904 -0.00060082  0.        ],1725718525.3041997,[109.70721671  -5.05445214  37.56410092 -65.68635685]
[-0.15083888 -0.0132213   0.02289058  1.38079837],[-0.17549291 -0.01631872  0.05489058  1.39975405],[-0.1874253  -0.01974584  0.21861176  1.40123   ],[-0.45141382  0.0023813  -0.01671663  0.        ],1725718525.3051975,[-107.68281043   -9.09310746   43.32565865  -20.70847449]
[-0.20740562 -0.04840601  0.0869778   1.39792645],[-0.17540562 -0.01640601  0.0549778   1.39975405],[-0.16508221 -0.01962651  0.21432996  1.40123   ],[ 0.44686185  0.00238662 -0.08563604  0.        ],1725718525.3051975,[119.51484193  43.05012716  27.32831669   3.8607954 ]
[-0.18621796 -0.00751562  0.08689058  1.41782532],[-0.17540562 -0.01631879  0.05489058  1.39975405],[-0.18765704 -0.02114376  0.21432337  1.40123   ],[-4.51496629e-01 -3.03451594e-02 -1.31866995e-04  0.00000000e+00],1725718525.3051975,[-20.23260139 -24.0687131   28.03602661  31.45727238]
[-0.16989884 -0.01977133  0.02454831  1.39453513],[-0.17540562 -0.01623157  0.05480336  1.39975405],[-0.18755639 -0.02101306  0.21431901  1.40123   ],[ 2.01301680e-03  2.61413242e-03 -8.71674237e-05  0.00000000e+00],1725718525.3051975,[-43.28785387   0.13663109  42.37792113 -20.01652286]
[-0.1799352   0.01075471  0.03561356  1.41164406],[-0.17540562 -0.01631879  0.05480336  1.39975405],[-0.18534723 -0.02109027  0.21101216  1.40123   ],[ 0.04418309 -0.00154419 -0.06613695  0.        ],1725718525.306195,[ -6.49132082 -46.42264675  38.44282164  21.95884311]
[-0.14340562  0.01559399  0.07296784  1.42897782],[-0.17540562 -0.01640601  0.05480336  1.39975405],[-0.18518406 -0.01950143  0.20993021  1.40123   ],[ 0.00326344  0.03177666 -0.02163899  0.        ],1725718525.306195,[-101.6307591   -46.79194919   29.74428547   44.94732702]
[-0.1537635  -0.01241569  0.03724738  1.36775405],[-0.17540562 -0.01640601  0.05480336  1.39975405],[-0.1628981  -0.01779486  0.20988837  1.40123   ],[ 0.44571918  0.03413143 -0.00083696  0.        ],1725718525.306195,[ -6.24271423  -2.84039012  38.34065756 -73.57567352]
[-0.19608516 -0.02381756  0.02611344  1.37888714],[-0.17540562 -0.01640601  0.05480336  1.39975405],[-0.16273779 -0.01767587  0.20883872  1.38923953],[ 0.00320628  0.00237981 -0.02099283 -0.23980953],1725718525.307193,[86.41690795  9.75866053 40.30121236 -2.56584535]
[-0.14340562  0.01162381  0.04954869  1.41175075],[-0.17540562 -0.01640601  0.05480336  1.39975405],[-0.18525145 -0.01775342  0.20698949  1.38923953],[-0.45027325 -0.00155106 -0.0369846   0.        ],1725718525.307193,[-117.05382933  -43.86994785   34.38211015   45.4893441 ]
[-0.20033317 -0.04175791  0.07032137  1.43175405],[-0.17540562 -0.01640601  0.05480336  1.39975405],[-0.16294594 -0.01677663  0.2066824   1.38923953],[ 0.44611022  0.0195359  -0.00614191  0.        ],1725718525.307193,[109.32543204  40.76813028  29.78694271  65.72075161]
[-0.16458951 -0.0072585   0.08680336  1.37824896],[-0.17540562 -0.01640601  0.05480336  1.39975405],[-0.18548289 -0.01767998  0.2066394   1.41423418],[-0.45073902 -0.018067   -0.00086     0.49989297],1725718525.3081894,[-66.60641707 -18.83169009  26.19735648 -85.18035492]
[-0.18471825  0.01559399  0.08680336  1.37912379],[-0.17540562 -0.01640601  0.05480336  1.39975405],[-0.16718731 -0.01755732  0.20661933  1.38362616],[ 3.65911667e-01  2.45322739e-03 -4.01426845e-04 -6.12160304e-01],1725718525.3081894,[ 51.76348504 -47.01828099  26.3593104    9.16863311]
[-0.14949458  0.00159362  0.08680336  1.4118331 ],[-0.17540562 -0.01640601  0.05480336  1.39975405],[-0.17549989 -0.0157742   0.20660093  1.38362616],[-0.16625164  0.0356624  -0.00036789  0.        ],1725718525.3081894,[-71.48696969 -20.66280139  26.35528049  52.9336358 ]
[-0.18392314 -0.00300992  0.02280336  1.43175405],[-0.17540562 -0.01640601  0.05480336  1.39975405],[-0.15543013 -0.01564968  0.2065825   1.38592765],[ 4.01395187e-01  2.49025340e-03 -3.68743089e-04  4.60297488e-02],1725718525.3091872,[ 81.00093213 -16.00667024  41.07634389  68.94818714]
[-0.20740562 -0.0033441   0.07785547  1.42827629],[-0.17540562 -0.01640601  0.05471601  1.39975405],[-0.17777196 -0.01552876  0.20428222  1.41615937],[-0.44683663  0.00241842 -0.04600555  0.60463453],1725718525.3091872,[ 62.38330513 -16.01850849  27.23577219  -0.18622415]
[-0.14340562  0.01559399  0.08251686  1.40488722],[-0.17540562 -0.01640601  0.05462866  1.39975405],[-0.19729165 -0.01540784  0.20427437  1.41615937],[-3.90393678e-01  2.41852850e-03 -1.56984947e-04  0.00000000e+00],1725718525.3091872,[-145.49514075  -43.62004747   26.73958621  -26.10598934]
[-0.14340562  0.01559399  0.03303235  1.37035749],[-0.17540562 -0.01640601  0.05462866  1.39975405],[-0.1747394  -0.01447546  0.20426024  1.41615937],[ 4.51044884e-01  1.86475170e-02 -2.82651849e-04  0.00000000e+00],1725718525.3091872,[-56.6110395  -39.55801627  38.16879725 -77.03275977]
[-0.19145594 -0.0423383   0.05156315  1.36775405],[-0.17540562 -0.01640601  0.05462866  1.39975405],[-0.16401704 -0.01401602  0.20326387  1.39909255],[ 0.21444723  0.00918881 -0.01992727 -0.34133652],1725718525.3101861,[ 80.48023099  45.75645254  33.1773252  -34.42439673]
[-0.16555874  0.00522755  0.03883781  1.43175405],[-0.17540562 -0.01649336  0.05471601  1.39975405],[-0.18650077 -0.01683287  0.20306173  1.39909255],[-0.44967463 -0.05633693 -0.00404284  0.        ],1725718525.3101861,[-62.81159237 -36.34261674  36.2554963   73.83317912]
[-0.20268168 -0.02211985  0.03301874  1.38587902],[-0.17540562 -0.01658071  0.05480336  1.39975405],[-0.1705362  -0.01654398  0.20250259  1.43805195],[ 0.31929144  0.00577765 -0.01118289  0.77918802],1725718525.3101861,[  88.0793081    11.32207527   37.33946579 -109.58878768]
[-0.1913875  -0.03677542  0.03047646  1.38484374],[-0.17549291 -0.01649342  0.05480336  1.39975405],[-0.1931946  -0.01662171  0.20172462  1.38805195],[-0.45316807 -0.00155461 -0.01555935 -1.        ],1725718525.3111818,[-17.14057999  28.69277357  37.69237808  19.26823355]
[-0.14962931 -0.04840614  0.07904531  1.39044101],[-0.17558019 -0.01640614  0.05480336  1.39975405],[-0.19306602 -0.01673963  0.20086013  1.38805195],[ 0.00257173 -0.0023583  -0.01728971  0.        ],1725718525.3111818,[-107.16813059   43.45026554   26.30097367    5.84025609]
