target,real_target,js,jv,time,action
[ 0.00969047 -0.4354958   0.6311127   0.3960968 ],[-0.02748892 -0.4573635   0.60353476  0.43284163],[-0.02879793 -0.45919608  0.6089454   0.44667603],[-0.00017727  0.0004812  -0.00050552  0.00035346],0.005051612854003906,[-963.56163657 -438.7347333  -472.6423309  -471.383876  ]
[ 0.00730888 -0.43697128  0.62786204  0.39300117],[-0.02757621 -0.45727623  0.60353476  0.43284163],[-0.02879793 -0.45919608  0.6089454   0.44667603],[-0.00075985  0.00050971 -0.00048277  0.00029421],0.05571722984313965,[-544.79596777 -413.34845306 -404.9908724  -448.50695943]
[ 0.00401036 -0.43918335  0.62446463  0.38764578],[-0.02748892 -0.4573635   0.60362214  0.43284163],[-0.02879793 -0.45919608  0.6089454   0.44667603],[-4.93947511e-04  5.19046569e-04 -4.67996239e-04 -1.53506981e-05],0.1065366268157959,[-514.54375194 -406.70486275 -400.96475415 -467.00279444]
[ 0.00209312 -0.4396377   0.62353015  0.37948588],[-0.02740164 -0.45745078  0.60370952  0.43284163],[-0.02879793 -0.45919608  0.6089454   0.44667603],[-5.47912560e-05  5.22107156e-04 -5.05378964e-04 -9.98084718e-05],0.15561699867248535,[-525.68525926 -416.82500313 -410.58137228 -490.71460416]
[ 4.8262440e-04 -4.3943581e-01  6.2380356e-01  3.7220511e-01],[-0.02740164 -0.45736356  0.60353494  0.43284163],[-0.02879793 -0.45919608  0.6089454   0.44667603],[ 2.20974637e-04  5.23110035e-04 -4.14584315e-04 -8.19653901e-05],0.20502948760986328,[-522.23566798 -420.97471241 -416.02958088 -488.20062055]
[-4.1672774e-04 -4.3883634e-01  6.2440330e-01  3.6420530e-01],[-0.02740164 -0.45727634  0.60336035  0.43284163],[-0.02879793 -0.45919608  0.60911983  0.44667603],[-1.57231875e-05  5.23438591e-04 -4.87876887e-04  1.94416957e-05],0.25815582275390625,[-528.41034662 -423.96625597 -417.1054544  -497.23400963]
[-0.00141424 -0.43701875  0.6255145   0.35395074],[-0.02731442 -0.45736356  0.60344771  0.43196899],[-0.02862336 -0.45937065  0.60911983  0.44667603],[-0.00043816  0.00058638 -0.00051189  0.0003078 ],0.3104839324951172,[-518.45727952 -434.33685861 -421.15498353 -518.14460113]
[-0.00228739 -0.4360648   0.62621874  0.3422336 ],[-0.0272272  -0.45745078  0.60353506  0.43109635],[-0.02862336 -0.45937065  0.60911983  0.44667603],[-0.00084891  0.00066151 -0.00045693 -0.00101783],0.36189985275268555,[-518.57750274 -429.0447761  -420.11588508 -534.2411263 ]
[-0.00311143 -0.4347605   0.6257371   0.3296573 ],[-0.0272272  -0.4573635   0.60344777  0.43022367],[-0.02862336 -0.45902165  0.60877083  0.44648428],[-8.42286462e-06  7.18038961e-04 -1.07292785e-04 -2.70677425e-03],0.4076268672943115,[-515.19403178 -430.00795643 -416.39798854 -545.10555097]
[-0.00363852 -0.43364647  0.6250642   0.3167545 ],[-0.0272272  -0.45727623  0.60336047  0.429351  ],[-0.02862336 -0.45867251  0.60859612  0.44619666],[-0.00058074  0.00098013  0.00087885 -0.00549502],0.45922017097473145,[-517.01477401 -429.62782563 -414.33395753 -553.02727434]
[-0.00412801 -0.43308136  0.62412     0.2999964 ],[-0.0272272  -0.4573635   0.60327306  0.426733  ],[-0.02862336 -0.45867251  0.60877083  0.44571729],[-0.00117822  0.00132874  0.00169836 -0.00903639],0.5058226585388184,[-515.13137541 -428.99096291 -410.55549788 -586.81151221]
[-0.00442561 -0.432106    0.62378746  0.2796123 ],[-0.0272272  -0.45745078  0.60318565  0.424115  ],[-0.02862336 -0.45849807  0.60877083  0.4449503 ],[-0.00078301  0.00182664  0.0019825  -0.01493479],0.5558032989501953,[-516.52306912 -431.2104492  -413.59231397 -619.98870414]
[-0.0053011  -0.43020245  0.6223013   0.2564482 ],[-0.02731442 -0.45745078  0.60301107  0.41975167],[-0.02862336 -0.45849807  0.60894553  0.44408744],[-5.20797536e-05  2.51167209e-03  2.03068881e-03 -2.13407483e-02],0.6061608791351318,[-503.47375707 -439.74703809 -406.24058868 -649.92822619]
[-0.00600434 -0.4280237   0.6211151   0.23393084],[-0.02740164 -0.45745078  0.60283649  0.41538835],[-0.02862336 -0.4583235   0.60911983  0.44245758],[ 0.00019103  0.00380634  0.00263007 -0.03469748],0.655576229095459,[-502.54217185 -442.35709063 -406.16668553 -650.47599523]
[-0.00757798 -0.42491463  0.6210674   0.20838617],[-0.02748892 -0.45683992  0.60318562  0.40840703],[-0.02879793 -0.45797436  0.60946884  0.43986899],[ 0.00016157  0.00547911  0.00503693 -0.05805916],0.7062592506408691,[-485.10532898 -449.66344364 -409.89919024 -676.43398144]
[-0.00860732 -0.42249736  0.6192111   0.18671057],[-0.02757621 -0.45622906  0.60353476  0.40142572],[-0.02879793 -0.45762535  0.60981812  0.43411656],[-0.00156649  0.0063348   0.00641609 -0.09808143],0.7553896903991699,[-485.50680736 -447.57074185 -399.94419425 -635.16525536]
[-0.00958352 -0.4211486   0.6186134   0.16251053],[-0.02766349 -0.4553564   0.60353476  0.39444441],[-0.0289725  -0.45745078  0.60999255  0.42778889],[-0.00831603  0.0053962   0.00276654 -0.12191783],0.8053946495056152,[-484.91568159 -443.36620678 -405.31327828 -657.74570566]
[-0.01149374 -0.41833487  0.6179206   0.13686791],[-0.02775078 -0.45448375  0.60353476  0.38746309],[-0.02914707 -0.45727621  0.60981812  0.4207901 ],[-0.00975227  0.00486859 -0.00417665 -0.14033742],0.8554356098175049,[-462.22152338 -454.81831335 -405.88158911 -672.46791184]
[-0.01257156 -0.41503885  0.616623    0.11230862],[-0.027838   -0.45352381  0.60353476  0.37611845],[-0.02932151 -0.45727634  0.60964355  0.41244908],[-0.0032584   0.00635442 -0.00315504 -0.17366166],0.906275749206543,[-470.19365486 -462.06717512 -402.16844336 -663.59811575]
[-0.01292271 -0.41067624  0.6145313   0.09140432],[-0.02792522 -0.45256388  0.60353476  0.36477381],[-0.02967065 -0.45675263  0.60964341  0.4014236 ],[ 0.00368059  0.00962908 -0.00060357 -0.21868229],0.9553050994873047,[-483.70945626 -469.17117926 -395.92762015 -624.16136712]
[-0.01278673 -0.4070679   0.6133005   0.06610897],[-0.028187   -0.45151673  0.60336033  0.35342917],[-0.02984509 -0.45622906  0.60981812  0.39106923],[-0.00153993  0.01623644 -0.00190426 -0.2647156 ],1.0069952011108398,[-489.94987099 -467.71929575 -397.46125084 -667.06697257]
[-0.01407741 -0.40331024  0.61133975  0.04047489],[-0.02844879 -0.45046958  0.60318589  0.34208453],[-0.03001966 -0.45500733  0.60981812  0.37620879],[-0.01293783  0.02699696 -0.00277211 -0.29785396],1.061105489730835,[-462.96298921 -466.95316003 -393.12177143 -643.28241633]
[-0.01561326 -0.39936182  0.6105057   0.01261988],[-0.02871065 -0.44907328  0.60292405  0.32637656],[-0.03019423 -0.45343647  0.60999255  0.36029374],[-0.01335952  0.03565054 -0.00273456 -0.31954434],1.1078917980194092,[-452.47745311 -468.37812728 -396.19273484 -657.41663538]
[-0.01702034 -0.39476773  0.6077593  -0.01174149],[-0.0289725  -0.44767699  0.60266221  0.31066859],[-0.03019423 -0.4520403   0.60999269  0.34284471],[-0.00296894  0.0360695  -0.00248333 -0.35749452],1.1589741706848145,[-444.75468282 -476.51128891  413.99956946 -625.67947476]
[-0.01837142 -0.38952744  0.6051724  -0.04028559],[-0.02923429 -0.44566989  0.60266221  0.2905973 ],[-0.03036867 -0.45099315  0.61016712  0.3234782 ],[ 0.00230746  0.03096392 -0.00211606 -0.39427577],1.2078511714935303,[-442.32968206 -486.69162277  416.8242386  -646.12502292]
[-0.02020569 -0.38494617  0.6027593  -0.06924734],[-0.02949608 -0.44366279  0.60266221  0.27052602],[-0.03054324 -0.45012043  0.61016699  0.30238596],[-0.00265134  0.02789193 -0.00184447 -0.42109594],1.2598536014556885,[-426.7821661  -487.48498454  417.74488641 -640.90325262]
[-0.02210672 -0.38068005  0.5999928  -0.10209741],[-0.02967058 -0.44148107  0.60266221  0.24696408],[-0.03071781 -0.44942228  0.61034169  0.28445756],[-0.01271137  0.02882617 -0.00193394 -0.44397279],1.3145503997802734,[-417.14825995 -490.20702684  422.94896138 -697.72920513]
[-0.02342753 -0.3765218   0.59703267 -0.13496527],[-0.02984509 -0.43929935  0.60266221  0.22340214],[-0.03124138 -0.44785155  0.61051613  0.25214809],[-0.0171693   0.03258389 -0.00313155 -0.45357365],1.3582384586334229,[-427.10590578 -486.8963004   426.91197971 -597.46536269]
[-0.02491564 -0.37237233  0.5952397  -0.16607162],[-0.03010688 -0.4376414   0.60257497  0.20158553],[-0.03159052 -0.44680426  0.6106907   0.229426  ],[-0.00964627  0.03368036 -0.0024925  -0.45346576],1.4083287715911865,[-416.28305968 -493.0947829   423.87984812 -656.43874001]
[-0.02648699 -0.3692522   0.59255403 -0.19540048],[-0.03036867 -0.43598345  0.60248774  0.17976892],[-0.03176496 -0.44575711  0.61103984  0.20651216],[-0.00060712  0.03473997 -0.00110231 -0.4635646 ],1.462618350982666,[-405.42780993 -488.97584141  431.48698563 -645.86139795]
[-0.02662697 -0.3671693   0.5925346  -0.22699097],[-0.03071774 -0.43432529  0.60257497  0.15446164],[-0.03193953 -0.44470995  0.61121441  0.18743328],[-0.00062483  0.03615256 -0.00177746 -0.47597966],1.5127060413360596,[-427.08190693 -483.77164676  419.51078987 -694.79343915]
[-0.02688027 -0.36535227  0.5922908  -0.25750035],[-0.03106681 -0.43266714  0.60266221  0.12915437],[-0.0321141  -0.44313909  0.61138885  0.16288958],[-0.01103092  0.03962809 -0.00493212 -0.48487778],1.5599491596221924,[-424.98776743 -479.26773935  420.88970038 -651.95476099]
[-0.02666995 -0.3628151   0.59624934 -0.28805378],[-0.03132867 -0.43092176  0.60266221  0.10384709],[-0.03228854 -0.44174292  0.61121428  0.13863351],[-0.01991158  0.04195674 -0.00466549 -0.47203122],1.6113128662109375,[-433.86659494 -485.79205779  397.25897597 -657.42512142]
[-0.02590946 -0.3597921   0.6013321  -0.3165439 ],[-0.03159053 -0.42917639  0.60266221  0.07853982],[-0.03263768 -0.43999749  0.61121428  0.11552793],[-0.01633243  0.04441111 -0.00404318 -0.4632106 ],1.6554205417633057,[-450.29206173 -487.89114809  388.10736135 -653.72766837]
[-0.02420661 -0.35705614  0.60280514 -0.3471441 ],[-0.03193953 -0.42682029  0.60266221  0.04974189],[-0.03298669 -0.43825219  0.61121428  0.09251822],[-0.00883593  0.04656946 -0.00481329 -0.47325138],1.7071468830108643,[-474.69058204 -487.15602155  402.09869348 -672.96457109]
[-0.02356737 -0.3544085   0.59948707 -0.37685266],[-0.03228854 -0.4244642   0.60266221  0.02094395],[-0.03316126 -0.43668132  0.61138871  0.06816627],[-0.00577418  0.0482604  -0.00544951 -0.4949152 ],1.7555961608886719,[-460.1815812  -488.75065606  426.86359004 -660.00583734]
[-0.02368784 -0.352986    0.5994075  -0.40279686],[-0.03263761 -0.42271882  0.60257486 -0.00436343],[-0.0335104  -0.43458688  0.61156328  0.03729491],[-0.01208739  0.05028243 -0.00621437 -0.50770826],1.8059914112091064,[-452.54421477 -477.55846718  413.24443514 -585.55566444]
[-0.02496908 -0.3512187   0.60279965 -0.42863375],[-0.03298669 -0.42097345  0.6024875  -0.02967081],[-0.03368483 -0.43249257  0.61121414  0.01188835],[-0.0213142   0.05215982 -0.01039514 -0.50297053],1.855285882949829,[-426.97005323 -479.30656843  392.38680743 -623.27345544]
[-0.02481932 -0.35073406  0.60276884 -0.45425248],[-0.03333576 -0.41922809  0.60240027 -0.05497803],[-0.0338594  -0.43057269  0.61086514 -0.01303884],[-0.0184164   0.0519767  -0.01160748 -0.50195753],1.9069404602050781,[-450.06726574 -471.20425302  406.73316618 -625.44735218]
[-0.02457291 -0.34975645  0.6000919  -0.47975102],[-0.03368483 -0.41748273  0.60231304 -0.08028525],[-0.03420841 -0.42865295  0.6106907  -0.03298059],[-0.01047131  0.05085217 -0.00727161 -0.49889812],1.9559993743896484,[-457.11236045 -473.22874764  421.31956541 -662.28286676]
[-0.02490795 -0.34946445  0.59385306 -0.5025407 ],[-0.03394662 -0.41573742  0.60222584 -0.10297459],[-0.03438298 -0.42708209  0.61103984 -0.05809952],[-0.00478333  0.04940983 -0.00219825 -0.49552846],2.005300998687744,[-444.96715335 -469.92395349  445.4096428  -605.91578867]
[-0.02651246 -0.3497498   0.5884586  -0.5252865 ],[-0.03420841 -0.41399211  0.60213864 -0.12566392],[-0.03455755 -0.42533665  0.61121414 -0.08273909],[-0.00724109  0.04888323 -0.00456954 -0.49888351],2.056220531463623,[-418.76785537 -463.36953811  446.61222018 -608.01745047]
[-0.02695543 -0.34981784  0.5811068  -0.551491  ],[-0.03438298 -0.41215946  0.60213849 -0.15184386],[-0.03455755 -0.42359135  0.61121428 -0.10785802],[-0.00796703  0.04860847 -0.00863505 -0.50511897],2.1065170764923096,[-431.36332283 -462.86461574  461.60332391 -629.41562268]
[-0.02750907 -0.35023475  0.5738724  -0.5776819 ],[-0.03455755 -0.41032681  0.60213834 -0.1780238 ],[-0.03455755 -0.42184605  0.61086527 -0.13326458],[-0.01393584  0.04794329 -0.00688367 -0.5013502 ],2.155095338821411,[-426.9344032  -458.60337145  466.48977877 -627.69881761]
[-0.02908189 -0.35088497  0.5664106  -0.5994992 ],[-0.03481934 -0.40858151  0.60178936 -0.19984041],[-0.03455755 -0.42010075  0.61103984 -0.1577124 ],[-0.01936587  0.04735749 -0.00211026 -0.48243366],2.20596981048584,[-403.77657255 -454.80433458  477.34332815 -602.47984991]
[-0.02921822 -0.3521604   0.5597634  -0.6213183 ],[-0.03508113 -0.40683621  0.60144037 -0.22165702],[-0.03455755 -0.41870445  0.61138898 -0.18053036],[-0.01596126  0.0456803  -0.00094404 -0.45593654],2.267612934112549,[-424.65087926 -450.47101699  481.59797995 -613.40189615]
[-0.02770068 -0.35199907  0.54969335 -0.6448549 ],[-0.03534292 -0.40500368  0.60056776 -0.24521881],[-0.03490656 -0.41730829  0.61138898 -0.20219784],[-0.0088393   0.03958537 -0.00402089 -0.44016563],2.3058671951293945,[-464.03891178 -457.880374    504.83582938 -634.41242473]
[-0.02508551 -0.35113162  0.5362556  -0.6683229 ],[-0.03560471 -0.40317115  0.59969515 -0.26878059],[-0.03508113 -0.41643557  0.61103971 -0.22827552],[-0.00753468  0.03071438 -0.01117723 -0.43852303],2.3584041595458984,[-491.84087556 -465.27220744  530.85513722 -601.75609991]
[-0.02297651 -0.3498985   0.5213837  -0.6925648 ],[-0.03577928 -0.40142572  0.5975135  -0.29321536],[-0.0352557  -0.41556285  0.61034156 -0.25003887],[-0.01251078  0.02929171 -0.0153132  -0.43424276],2.4075279235839844,[-495.66319637 -467.83276746  549.67814272 -638.61248499]
[-0.02099297 -0.3511725   0.50780547 -0.71664846],[-0.03595385 -0.39968029  0.59533185 -0.31765014],[-0.0352557  -0.4145157   0.60999269 -0.27122698],[-0.0166678   0.0334098  -0.01382965 -0.4203901 ],2.455798387527466,[-501.07868781 -449.37890288  558.86186698 -642.97962753]
[-0.01833891 -0.35217443  0.49076965 -0.7360875 ],[-0.03604106 -0.39793499  0.58826327 -0.33772132],[-0.0352557  -0.41346841  0.60999255 -0.2912646 ],[-0.01374361  0.03684129 -0.01270892 -0.40031596],2.5192089080810547,[-524.41072453 -448.96590762  592.20378245 -618.22165107]
[-0.01526425 -0.351917    0.4751053  -0.7549186 ],[-0.03612828 -0.39618969  0.5811947  -0.3577925 ],[-0.0352557  -0.41207225  0.60894526 -0.30660441],[-0.00772367  0.03759372 -0.01813157 -0.38510514],2.5595035552978516,[-546.09552353 -453.30470853  596.45951199 -648.59576566]
[-0.01149604 -0.35056567  0.45893604 -0.77076817],[-0.03595378 -0.39488068  0.57281709 -0.37611851],[-0.0352557  -0.41067595  0.60685095 -0.32942237],[-0.0046816   0.03520301 -0.04290315 -0.37979776],2.6198151111602783,[-575.34420336 -459.83976204  608.21193136 -571.89435095]
[-0.00820116 -0.34857047  0.44590434 -0.7843834 ],[-0.03577928 -0.39357167  0.56443948 -0.39444453],[-0.0352557  -0.40962866  0.60231306 -0.34840539],[-0.00782351  0.03529553 -0.09069661 -0.37843849],2.658811569213867,[-584.71557587 -466.76093417  592.79620689 -580.41476234]
[-0.00500004 -0.34603846  0.43423665 -0.79400724],[-0.03508113 -0.39200094  0.55658552 -0.41102509],[-0.0352557  -0.4082325   0.59393569 -0.3633617 ],[-0.01207484  0.03621209 -0.14160383 -0.37163038],2.705784797668457,[-599.31424384 -469.02712823  573.79473795 -577.99511599]
[-0.0023475  -0.34108812  0.42290807 -0.8027817 ],[-0.03438298 -0.39043021  0.54873157 -0.42760566],[-0.0352557  -0.40701078  0.58468533 -0.38148185],[-0.01175476  0.03519844 -0.20696466 -0.3493793 ],2.755038261413574,[-604.34500601 -488.35410733  570.68038062 -545.23024587]
[ 4.2650476e-04 -3.3623058e-01  4.1369599e-01 -8.0523872e-01],[-0.03298675 -0.38912119  0.54209939 -0.43982291],[-0.0352557  -0.40596349  0.57037364 -0.39816389],[-0.00857251  0.03298881 -0.27345667 -0.32400584],2.8050076961517334,[-620.03777719 -492.65540904  534.8309446  -503.96209633]
[ 0.00346655 -0.33065152  0.40338647 -0.80582863],[-0.03159053 -0.38781217  0.53546721 -0.45204017],[-0.0352557  -0.40491633  0.55309478 -0.4135037 ],[-0.00481072  0.02950703 -0.32998771 -0.31127892],2.8576316833496094,[-639.2301678  -501.5286923   519.85171395 -492.91326876]
[ 0.00841501 -0.32630283  0.39101523 -0.80448025],[-0.02940886 -0.38615409  0.52796215 -0.46338497],[-0.0352557  -0.40439276  0.53546705 -0.42874763],[-0.00709486  0.02412365 -0.34384246 -0.30246483],2.9088995456695557,[-692.61015791 -501.10181272  521.93292738 -471.72016676]
[ 0.01367895 -0.3236384   0.37962592 -0.8062422 ],[-0.0272272  -0.384496    0.52045709 -0.47472978],[-0.0352557  -0.40386918  0.52045721 -0.44322457],[-0.01279062  0.01998794 -0.30016633 -0.26884768],2.967869520187378,[-723.66382688 -493.11008632  525.32097187 -492.50396054]
[ 0.01856655 -0.32141277  0.3702795  -0.80729485],[-0.02495825 -0.382838    0.51365045 -0.4825837 ],[-0.03560471 -0.40317103  0.51033427 -0.4552088 ],[-0.01581457  0.02045258 -0.22223947 -0.22469649],3.0090856552124023,[-749.43684236 -490.94765406  536.72824524 -499.52166801]
[ 0.0226747  -0.31860834  0.36325777 -0.80841184],[-0.02268931 -0.38117999  0.50684381 -0.49043763],[-0.03577928 -0.40247288  0.50457465 -0.4647003 ],[-0.01189786  0.02405628 -0.14338881 -0.19211427],3.0789618492126465,[-756.53649176 -496.53599758  546.72372134 -513.23425611]
[ 0.02598213 -0.31676438  0.35683727 -0.809003  ],[-0.01989678 -0.38004541  0.49898961 -0.49567366],[-0.03595385 -0.40125116  0.50143318 -0.47265783],[-0.00411131  0.02834154 -0.08580741 -0.16288745],3.1070070266723633,[-761.93081767 -488.23008418  558.64328662 -516.607892  ]
[ 0.02886616 -0.3166033   0.3510766  -0.81170607],[-0.01710426 -0.37891084  0.49113542 -0.50090969],[-0.03577928 -0.39950586  0.49916417 -0.48099885],[ 0.00047176  0.03121845 -0.04894514 -0.1337242 ],3.1646695137023926,[-763.88529679 -473.37188968  563.04578985 -525.88807828]
[ 0.0321778  -0.3161453   0.34679806 -0.81457794],[-0.01378809 -0.37777646  0.48363063 -0.50614548],[-0.03508113 -0.39828413  0.49759344 -0.48655953],[ 0.00208283  0.03151777 -0.04006491 -0.11189938],3.2120020389556885,[-775.51261312 -477.54426445  562.39556989 -545.18772373]
[ 0.0344679  -0.3154986   0.3421688  -0.81727886],[-0.01047192 -0.37664208  0.47612584 -0.51138127],[-0.03438298 -0.3970624   0.49567357 -0.49039448],[ 0.01041465  0.03233338 -0.0467687  -0.09583212],3.257441997528076,[-768.14325027 -478.10458148  565.11176244 -555.50407276]
[ 0.03613715 -0.31427652  0.3379181  -0.81790316],[-0.00741761 -0.37542029  0.46870813 -0.5139994 ],[-0.03281212 -0.39566624  0.49253184 -0.49451706],[ 0.02345595  0.03482129 -0.06654866 -0.08278191],3.3111228942871094,[-746.22260637 -480.34246976  559.36462976 -537.20521115]
[ 0.0365439  -0.31280792  0.3351354  -0.8213333 ],[-0.0043633  -0.3741985   0.46129042 -0.51661754],[-0.03071781 -0.39374624  0.48747036 -0.49787264],[ 0.03988142  0.03922716 -0.09616345 -0.06407451],3.358130693435669,[-710.98505191 -478.22251047  542.57278002 -562.25168674]
[ 0.03812299 -0.31159168  0.33042386 -0.8278686 ],[ 8.73117242e-05 -3.73151407e-01  4.50993046e-01 -5.20108163e-01],[-0.02809978 -0.39147736  0.48031472 -0.49998186],[ 0.0530274   0.04331953 -0.13197188 -0.04283959],3.407665967941284,[-715.5237322  -473.55283274  539.42020234 -594.9259381 ]
[ 0.03966174 -0.3120234   0.32654905 -0.8309699 ],[ 0.00453792 -0.37210432  0.44069567 -0.52359879],[-0.02460918 -0.38903391  0.47019178 -0.50180347],[ 0.05626057  0.04139095 -0.16102945 -0.03845658],3.4574859142303467,[-692.06502555 -459.71358038  516.87565115 -573.54144946]
[ 0.04128078 -0.31334034  0.32770404 -0.82719463],[ 0.0083776  -0.37096974  0.43572141 -0.52708939],[-0.02164202 -0.38833576  0.46233758 -0.50439206],[ 0.05665768  0.03704625 -0.17204597 -0.05887412],3.514906406402588,[-694.38402602 -462.87281914  496.03819371 -516.8538379 ]
[ 0.04431608 -0.31361252  0.32886562 -0.8209517 ],[ 0.01221728 -0.36983517  0.43074715 -0.53057998],[-0.01954771 -0.38624132  0.45343663 -0.50765177],[ 0.05008556  0.03205422 -0.1724347  -0.07814638],3.5659618377685547,[-733.43952921 -458.3911822   481.4632545  -490.13188239]
[ 0.04654594 -0.3122491   0.3353571  -0.81529164],[ 0.01448622 -0.36817716  0.43048537 -0.53319815],[-0.0172787  -0.38501972  0.445408   -0.51282895],[ 0.03939303  0.0273781  -0.16054261 -0.08186419],3.6074981689453125,[-718.53559543 -473.62389257  447.8467279  -475.37054273]
[ 0.04832914 -0.31034154  0.34263134 -0.81020164],[ 0.01675517 -0.36651915  0.43022358 -0.53581631],[-0.01535882 -0.38432158  0.43999739 -0.51618454],[ 0.03251766  0.02175109 -0.13182607 -0.08062162],3.689063310623169,[-716.38894765 -481.2556726   443.02414056 -487.88944711]
[ 0.04912514 -0.31052408  0.34853578 -0.8075887 ],[ 0.0179769  -0.36608279  0.4299618  -0.53843418],[-0.01396266 -0.38344886  0.43598334 -0.51992361],[ 0.02886931  0.01761523 -0.08983482 -0.06980754],3.7062995433807373,[-706.43294814 -466.57645021  444.95685458 -499.36809297]
[ 0.04979969 -0.3130352   0.3521905  -0.80426615],[ 0.01919862 -0.36564642  0.42970002 -0.54105204],[-0.01256637 -0.38275071  0.43406333 -0.5232792 ],[ 0.03115699  0.01688698 -0.05116606 -0.07087975],3.7596404552459717,[-700.99981627 -450.40847562  457.99060438 -493.74685354]
[ 0.04951448 -0.31775707  0.35739422 -0.7990831 ],[ 0.0197222  -0.36547185  0.42978723 -0.54366994],[-0.0109955  -0.3820527   0.43336518 -0.5273059 ],[ 0.03568551  0.01772229 -0.02383783 -0.08544446],3.808112859725952,[-674.69769411 -431.68969957  450.68733981 -471.42053372]
[ 0.04899788 -0.32299104  0.3631544  -0.7927712 ],[ 0.02024578 -0.36529729  0.42987445 -0.54628783],[-0.00855205 -0.38100541  0.43336532 -0.53363357],[ 0.03854636  0.02041436 -0.00965719 -0.10098971],3.8584296703338623,[-643.33103573 -420.22620632  445.53489403 -441.09188573]
[ 0.04818274 -0.32774222  0.36914507 -0.7902348 ],[ 0.02085664 -0.36512278  0.42978723 -0.54803327],[-0.0061086  -0.37978382  0.43336532 -0.538619  ],[ 0.03951877  0.02503376 -0.0037051  -0.09291594],3.908723831176758,[-622.55831498 -416.10955404  438.55627093 -473.15502801]
[ 0.04663385 -0.33353359  0.37430155 -0.789582  ],[ 0.0214675  -0.36494827  0.42970002 -0.5497787 ],[-0.00349071 -0.37838725  0.43336505 -0.54245396],[ 0.04535271  0.02903654 -0.00044015 -0.07667782],3.973736047744751,[-588.09608872 -401.61108248  436.97203942 -492.14962947]
[ 0.04437484 -0.3402931   0.37961435 -0.7900347 ],[ 0.02172936 -0.36468655  0.42970015 -0.5523966 ],[-0.00087269 -0.37716553  0.43353975 -0.54561779],[ 0.0504741   0.02830422 -0.00057021 -0.06716293],4.0069475173950195,[-553.05296345 -388.85708132  431.91367752 -503.23053854]
[ 0.04199501 -0.34784323  0.38286683 -0.791005  ],[ 0.02199121 -0.36442482  0.42970029 -0.55501449],[ 0.00174533 -0.37611851  0.43336532 -0.5488775 ],[ 0.05207985  0.02368556 -0.00142383 -0.06659075],4.060072898864746,[-526.25064025 -376.55492639  435.81765758 -505.03802342]
[ 0.03908303 -0.35519153  0.38451642 -0.7928284 ],[ 0.02172936 -0.36442477  0.42970015 -0.55675992],[ 0.0036652  -0.37542023  0.43336505 -0.55156197],[ 0.04820216  0.02023139 -0.00171669 -0.06847596],4.108484983444214,[-504.58243592 -371.82041682  441.78059613 -514.60541841]
[ 0.0365587  -0.3608076   0.38526508 -0.7964741 ],[ 0.0214675  -0.36442471  0.42970002 -0.55850536],[ 0.00593408 -0.37489678  0.43336532 -0.55491755],[ 0.03882893  0.01692162 -0.00158794 -0.06295628],4.166894197463989,[-481.19615925 -377.15400033  444.8941056  -522.80934296]
[ 0.03399643 -0.36508724  0.38540322 -0.800007  ],[ 0.021293   -0.36442477  0.42970002 -0.56112325],[ 0.00785396 -0.3743732   0.43336532 -0.55779376],[ 0.03431205  0.01244689 -0.00115882 -0.05835259],4.209750413894653,[-463.45335381 -380.38984267  447.3703609  -525.70322782]
[ 0.03254479 -0.36914825  0.3855289  -0.8033141 ],[ 0.02111849 -0.36442482  0.42970002 -0.56374115],[ 0.00959926 -0.37419863  0.43336532 -0.5605741 ],[ 0.03184328  0.00740427 -0.00076665 -0.05402879],4.261968374252319,[-466.75435211 -379.5690573   447.29808619 -525.05740154]
[ 0.03238714 -0.37290806  0.38569972 -0.80684346],[ 0.02146757 -0.36451212  0.42978737 -0.56635928],[ 0.01099555 -0.37419863  0.43336532 -0.5631627 ],[ 0.0268557   0.00432956 -0.00100654 -0.05026893],4.305585622787476,[-483.63947532 -378.67149188  446.9337989  -528.42565628]
[ 0.032316   -0.377025    0.38610289 -0.8106641 ],[ 0.02181664 -0.36459941  0.42987472 -0.56897742],[ 0.01204271 -0.37402393  0.43319061 -0.56594304],[ 0.01702208  0.00294933 -0.00275338 -0.04849252],4.3631675243377686,[-484.58533088  428.81963365  444.61201916 -529.64265267]
[ 0.0319767  -0.38174742  0.38759708 -0.8155771 ],[ 0.02172936 -0.36477391  0.42970015 -0.57246804],[ 0.01239185 -0.3740242   0.43301644 -0.56795639],[ 0.00859554  0.0023245  -0.00484771 -0.04964791],4.407909154891968,[-487.59339221  436.13171987  438.27200963 -544.10800325]
[ 0.03233439 -0.38611522  0.38859528 -0.81847745],[ 0.02164207 -0.36494842  0.42952558 -0.57595867],[ 0.01239185 -0.3740242   0.4324926  -0.57131197],[-0.00163842  0.00135078 -0.00874192 -0.05815936],4.460421800613403,[-505.080406    438.36762873  437.37694103 -520.39613085]
[ 0.03317482 -0.39208734  0.38978592 -0.82298565],[ 0.02146757 -0.36686823  0.42943823 -0.57944927],[ 0.01221728 -0.37402406  0.43179458 -0.57457168],[-0.00470584  0.00096477 -0.01217735 -0.06338947],4.510619640350342,[-520.01864361  453.99244447  433.91768732 -532.94634942]
[ 0.0343878  -0.3987009   0.39221013 -0.82976663],[ 0.02129306 -0.36878803  0.42935088 -0.58293986],[ 0.01221728 -0.3741985   0.43127074 -0.57716027],[-0.0046142   0.00108772 -0.01415794 -0.06241657],4.560236215591431,[-529.05474528  463.23989505  426.43118195 -555.6499029 ]
[ 0.03617601 -0.40629226  0.39440078 -0.8382071 ],[ 0.02129306 -0.37123148  0.4294381  -0.58730319],[ 0.01204271 -0.37419863  0.43074743 -0.58022823],[-0.00197052  0.00164121 -0.01420781 -0.06283619],4.618975400924683,[-550.11992085  477.76263259  424.72003209 -566.59718047]
[ 0.03756967 -0.41472915  0.39556423 -0.8461212 ],[ 0.02129306 -0.37367493  0.42952532 -0.59166652],[ 0.01221728 -0.3741985   0.43022359 -0.58358382],[ 0.00108061  0.00242315 -0.0117279  -0.06942693],4.667199373245239,[-545.05566911  491.28774845  427.43098811 -563.17816903]
[ 0.039391   -0.42365345  0.39580944 -0.8549299 ],[ 0.02138028 -0.37629294  0.42943822 -0.59777528],[ 0.01256642 -0.37419877  0.42952557 -0.58837751],[ 0.00149296  0.00328108 -0.01045752 -0.08019532],4.707507610321045,[-556.21465412  503.14163473  429.67533987 -561.38142554]
[ 0.04115199 -0.43130723  0.3952074  -0.8641609 ],[ 0.0214675  -0.37891096  0.42935112 -0.60388404],[ 0.01256642 -0.37384963  0.42917643 -0.59288357],[-0.00025117  0.00316913 -0.00942388 -0.08861224],4.756457328796387,[-569.35321839  505.60315024  435.05244614 -568.71308297]
[ 0.04256035 -0.43866584  0.3934188  -0.87319803],[ 0.02138028 -0.38179077  0.42926377 -0.60999253],[ 0.01274086 -0.37402406  0.42882756 -0.59662265],[-0.00195002  0.00166937 -0.00880312 -0.0944652 ],4.804812669754028,[-567.61362285  507.8617156   441.57665159 -575.37398494]
[ 0.04343343 -0.44583538  0.3909389  -0.8830436 ],[ 0.02129306 -0.38467059  0.42917642 -0.61610103],[ 0.01274086 -0.37472208  0.42847815 -0.60237508],[-0.00184457 -0.00909883 -0.00620502 -0.09664845],4.855031728744507,[-566.56440851  510.04596033  446.66604394 -568.98620156]
[ 0.04417728 -0.45195404  0.3877623  -0.89335024],[ 0.02120578 -0.38720132  0.42917642 -0.62395522],[ 0.01291543 -0.37629294  0.42847842 -0.60640178],[ 0.0011667  -0.02354349 -0.00552986 -0.10384787],4.9081854820251465,[-564.85183382  503.02076543  454.32587822 -587.43379359]
[ 0.04459516 -0.45707855  0.38325846 -0.90262836],[ 0.02111849 -0.38973206  0.42917642 -0.63180941],[ 0.01309    -0.37891096  0.42812928 -0.61196246],[ 0.0025225  -0.04526428 -0.00521494 -0.1160693 ],4.958105802536011,[-561.1770426   493.24649279  462.66954772 -571.35492312]
[ 0.04561511 -0.46166456  0.37685722 -0.91136897],[ 0.02111849 -0.39235008  0.4287402  -0.64053604],[ 0.013439   -0.38275058  0.42795457 -0.61809838],[ 0.00077268 -0.06414175 -0.00509388 -0.12506084],5.013921022415161,[-570.94852616  483.40440286  477.77187463 -564.8685236 ]
[ 0.04695421 -0.46533427  0.36961272 -0.91976607],[ 0.02111849 -0.39496809  0.42830399 -0.64926267],[ 0.01361357 -0.3869396   0.4277804  -0.62471368],[-0.0001839  -0.07770191 -0.00517787 -0.13022899],5.057549715042114,[-584.17812623  475.27049613  488.45700709 -559.99848559]
[ 0.04851122 -0.46792018  0.36117318 -0.9265864 ],[ 0.02120578 -0.39776061  0.42795484 -0.65798932],[ 0.01396258 -0.39182636  0.4276057  -0.63142484],[-1.84827021e-05 -8.65278379e-02 -5.59963741e-03 -1.35871732e-01],5.105079889297485,[-590.87055007  462.25186746  501.83903449 -548.34484995]
[ 0.05043497 -0.46980596  0.35161033 -0.93183565],[ 0.02129306 -0.40055314  0.42760569 -0.66671598],[ 0.01413715 -0.39653869  0.427431   -0.6385195 ],[ 0.00046326 -0.08967616 -0.00666876 -0.14484883],5.15553879737854,[-607.73715156  456.26272757  516.03945401 -533.74056865]
[ 0.05292145 -0.4697527   0.3419869  -0.93377507],[ 0.02120578 -0.40238573  0.42664576 -0.6736972 ],[ 0.01413715 -0.40090202  0.4262094  -0.64599766],[-3.55230319e-05 -8.56325558e-02 -1.00207678e-02 -1.52754909e-01],5.205248594284058,[-631.23365439  442.28052068  520.21613241 -505.11730925]
[ 0.05603285 -0.4692543   0.3331317  -0.9362563 ],[ 0.02111849 -0.40421832  0.42568582 -0.68067843],[ 0.01448616 -0.4047419   0.4262094  -0.65385931],[-0.00070547 -0.07553968 -0.01650415 -0.15451406],5.25520920753479,[-649.18597734  438.41353313  531.01320649 -503.53541401]
[ 0.06021256 -0.46935588  0.32155386 -0.9383857 ],[ 0.02199115 -0.40753442  0.42018799 -0.68765962],[ 0.01500987 -0.40805806  0.42428966 -0.66152921],[ 0.00198565 -0.06283828 -0.02223047 -0.15325458],5.304723501205444,[-680.87543331  441.95856162  544.11127255 -499.6452406 ]
[ 0.06372184 -0.4694121   0.3105366  -0.93924946],[ 0.0228638  -0.41085052  0.41469017 -0.69464082],[ 0.01553345 -0.41050151  0.42341695 -0.66919912],[ 0.00833971 -0.05022716 -0.03087423 -0.15635852],5.355000734329224,[-685.74523621  444.54898197  556.33942392 -487.38177442]
[ 0.0685432  -0.46880785  0.3003304  -0.93968964],[ 0.02539453 -0.41303211  0.40753426 -0.69900414],[ 0.01640603 -0.41242125  0.42167151 -0.67706077],[ 0.01337435 -0.03918011 -0.0372757  -0.14756482],5.406733989715576,[-719.94120231  441.20246144  557.58715933 -479.36401709]
[ 0.07347383 -0.46778026  0.2906462  -0.9398927 ],[ 0.02792527 -0.4152137   0.40037835 -0.70336747],[ 0.01762789 -0.41399212  0.41940263 -0.68396368],[ 0.01924026 -0.03069725 -0.04609606 -0.13699957],5.455966949462891,[-734.88357535  438.15577073  560.52358412 -481.06564945]
[ 0.07824986 -0.4666127   0.2819572  -0.9360856 ],[ 0.03080508 -0.41634822  0.39383335 -0.7051129 ],[ 0.01919862 -0.41556285  0.41573732 -0.6904831 ],[ 0.02462681 -0.02551987 -0.0593433  -0.13379133],5.506964683532715,[-743.35480932  434.57623214  555.30161686 -450.51555051]
[ 0.08334783 -0.4654561   0.2724347  -0.9328505 ],[ 0.03368489 -0.41748273  0.38728836 -0.70685834],[ 0.02129306 -0.41695915  0.41137413 -0.69834475],[ 0.02953447 -0.02252159 -0.08237858 -0.12784476],5.555153846740723,[-755.3447276   433.13867486  561.04181556 -439.57576246]
[ 0.08931623 -0.46415442  0.26276612 -0.9314244 ],[ 0.03700099 -0.41861717  0.38039437 -0.70773107],[ 0.02338737 -0.41818087  0.40596352 -0.70409718],[ 0.03466667 -0.02223832 -0.10132483 -0.11139213],5.605150461196899,[-787.77908122  430.79281916  561.43860715 -463.41387511]
[ 0.09541643 -0.46325314  0.25257146 -0.9328342 ],[ 0.04031709 -0.41975161  0.37350038 -0.7086038 ],[ 0.02513268 -0.41905346  0.40002946 -0.70783626],[ 0.04019867 -0.02052268 -0.11714469 -0.09009728],5.654813051223755,[-816.7680745   433.52802114  565.71043452 -496.19427406]
[ 0.10155934 -0.46236137  0.24144116 -0.93379295],[ 0.04468041 -0.4211479   0.3663446  -0.7086038 ],[ 0.02757613 -0.42027518  0.39426998 -0.71157534],[ 0.04583483 -0.02186629 -0.13381667 -0.07424524],5.704646587371826,[-825.4303274   429.37152436  575.83743109 -491.64604998]
[ 0.10788097 -0.46179155  0.23016328 -0.9363799 ],[ 0.04904374 -0.42254418  0.35918882 -0.7086038 ],[ 0.03036872 -0.42184605  0.38676506 -0.71445155],[ 0.05203248 -0.02394387 -0.14724845 -0.05945833],5.755343675613403,[-840.51807729  427.0671002   572.76516022 -508.93963035]
[ 0.11464097 -0.46138972  0.2190646  -0.9386343 ],[ 0.05419249 -0.42367862  0.35246927 -0.7086038 ],[ 0.03333575 -0.42324234  0.37908557 -0.71704014],[ 0.05853177 -0.02523315 -0.15368435 -0.05610869],5.805407524108887,[-863.44325378  427.32978336  574.66873981 -508.45756965]
[ 0.12096854 -0.4609181   0.20931087 -0.9418615 ],[ 0.05934125 -0.42481306  0.34574971 -0.7086038 ],[ 0.03769907 -0.42498751  0.36983508 -0.71972461],[ 0.06778041 -0.02552193 -0.15329511 -0.05261448],5.855413198471069,[-845.82288153  422.594328    562.68006768 -514.86781165]
[ 0.12629613 -0.46008736  0.2011678  -0.9505539 ],[ 0.06440265 -0.42586029  0.33964108 -0.71034896],[ 0.04101524 -0.42603493  0.36390129 -0.72212146],[ 0.07754612 -0.0252472  -0.15120135 -0.04338558],5.909066677093506,[-856.58803274  422.7534015   572.19801618 -558.28506195]
[ 0.13122731 -0.45931292  0.19375665 -0.9604602 ],[ 0.06946406 -0.42690751  0.33353245 -0.71209413],[ 0.04590214 -0.42812924  0.35726895 -0.72394306],[ 0.09157492 -0.0248356  -0.14581861 -0.03378476],5.9588539600372314,[-827.29030451  413.92542648  566.84874357 -574.85114313]
[ 0.13557862 -0.4585717   0.186822   -0.9754439 ],[ 0.07478731 -0.42821646  0.32620198 -0.71558499],[ 0.05166176 -0.42882753  0.34906588 -0.72480592],[ 0.11250332 -0.02476011 -0.14956687 -0.02137747],6.009027481079102,[-798.45105903  421.08406345  556.81004568 -624.16515204]
[ 0.13974936 -0.45820817  0.18020608 -0.9905417 ],[ 0.08011057 -0.42952541  0.3188715  -0.71907586],[ 0.05829396 -0.43004898  0.34156083 -0.72557291],[ 0.13208212 -0.02415485 -0.15080746 -0.01992694],6.05778431892395,[-770.34035721  418.62401008  557.54569902 -632.79994304]
[ 0.14542341 -0.45788667  0.17322405 -1.0041981 ],[ 0.0856084  -0.4309217   0.31127936 -0.72431165],[ 0.06579888 -0.43109627  0.33405604 -0.72691515],[ 0.14839936 -0.02249182 -0.14946077 -0.04028511],6.1079370975494385,[-770.64858144  418.55576018  558.59246132 -624.84068505]
[ 0.15174209 -0.45799807  0.166673   -1.0176618 ],[ 0.09110624 -0.432318    0.30368721 -0.72954744],[ 0.07400195 -0.43214343  0.32690013 -0.72988723],[ 0.15857668 -0.01994103 -0.14547554 -0.06446684],6.157735109329224,[-760.4236151   420.22513363  557.63588092 -617.32885603]
[ 0.157657   -0.45911086  0.16258556 -1.0335547 ],[ 0.09573135 -0.43362707  0.2973168  -0.73478347],[ 0.08255403 -0.43284157  0.32009335 -0.73391393],[ 0.1648567  -0.01664997 -0.13797619 -0.07705257],6.209726810455322,[-735.94147275  428.76363788  545.85822667 -632.88343049]
[ 0.16396707 -0.46238017  0.15913889 -1.0505908 ],[ 0.10035646 -0.43493614  0.29094639 -0.7400195 ],[ 0.09110623 -0.43371429  0.31381016 -0.73813238],[ 0.16086926 -0.0148236  -0.12694971 -0.08137955],6.258747577667236,[-730.65871092  443.08384211  542.51954509 -645.95244438]
[ 0.17167917 -0.466427    0.15609999 -1.0694127 ],[ 0.10602879 -0.43711774  0.28518677 -0.74874616],[ 0.09878559 -0.43580874  0.30944683 -0.74235083],[ 0.15414215 -0.0149274  -0.11975103 -0.08936985],6.307534456253052,[-764.9592012   442.36388685  547.67302085 -665.75558104]
[ 0.18017104 -0.4732731   0.15088178 -1.0839611 ],[ 0.11170112 -0.43929935  0.27942714 -0.75747281],[ 0.10541793 -0.4354596   0.30316364 -0.74791151],[ 0.13340551 -0.01469062 -0.10564138 -0.11904774],6.357574701309204,[-801.66974585  481.10008462  547.71948178 -630.93881125]
[ 0.19057038 -0.48472184  0.14799096 -1.09705   ],[ 0.11903148 -0.44383724  0.27488938 -0.7688176 ],[ 0.11065384 -0.43615774  0.29827674 -0.75558141],[ 0.10597086 -0.01306944 -0.09882553 -0.16472249],6.411848545074463,[-877.0653243   513.23957682  541.73450247 -608.66677131]
[ 0.19938886 -0.50089544  0.14773777 -1.111141  ],[ 0.12636183 -0.44837514  0.27035162 -0.78016239],[ 0.11588988 -0.43790318  0.29304096 -0.76516879],[ 0.08473026 -0.01296641 -0.10514886 -0.1884688 ],6.457391023635864,[-871.25269107  549.79210088  523.95780896 -604.51142543]
[ 0.20839468 -0.5221356   0.15070462 -1.125259  ],[ 0.13430311 -0.4540474   0.26703532 -0.79237965],[ 0.11990419 -0.43825219  0.28693194 -0.77734476],[ 0.07714209 -0.0158417  -0.11202533 -0.20154543],6.524469614028931,[-917.35491692  609.56461214  497.34628483 -587.55208735]
[ 0.21704814 -0.54613805  0.15546815 -1.1379414 ],[ 0.14224438 -0.45971966  0.26371902 -0.8045969 ],[ 0.12444195 -0.43964848  0.28099815 -0.78769913],[ 0.08531811 -0.02230846 -0.11376065 -0.20872049],6.557778358459473,[-924.79105006  642.48816936  479.70273534 -591.41661654]
[ 0.22570926 -0.57015765  0.16138761 -1.1484642 ],[ 0.15027288 -0.4653047   0.26153736 -0.81594142],[ 0.129678   -0.44209193  0.27611098 -0.79862875],[ 0.1054686  -0.03973284 -0.10276017 -0.21475892],6.612348556518555,[-931.55338886  657.86783158  468.42772267 -572.07033247]
[ 0.2344932  -0.59637004  0.16850688 -1.1590143 ],[ 0.15830138 -0.47088975  0.25935569 -0.82728595],[ 0.13508847 -0.4454081   0.27279508 -0.80735326],[ 0.12921257 -0.06484947 -0.08995337 -0.21941594],6.660054922103882,[-947.6455361   688.70555635  459.58396617 -588.61006306]
[ 0.24497356 -0.62417275  0.17983598 -1.1674325 ],[ 0.1678134  -0.47830746  0.25769775 -0.83863077],[ 0.14573499 -0.45378561  0.26930421 -0.82106322],[ 0.17225307 -0.12102059 -0.06118371 -0.23385459],6.710082530975342,[-893.69954422  687.24942865  425.97953068 -536.14232247]
[ 0.25675157 -0.6527945   0.18950242 -1.1743268 ],[ 0.17732541 -0.48572516  0.2560398  -0.84997559],[ 0.15673052 -0.46373398  0.26825705 -0.83352681],[ 0.20510557 -0.1716636  -0.03646542 -0.24164264],6.759558439254761,[-911.84719905  701.39949336  432.85755741 -531.41453647]
[ 0.26904893 -0.685591    0.20111749 -1.1796079 ],[ 0.18718656 -0.49776798  0.25534165 -0.85957468],[ 0.16650445 -0.47368235  0.26790791 -0.84301832],[ 0.22481629 -0.21949603 -0.01539117 -0.23013107],6.8135621547698975,[-950.58877938  749.36279282  415.53576659 -538.82183446]
[ 0.2817599  -0.7159089   0.21039627 -1.1839533 ],[ 0.19704771 -0.50981081  0.2546435  -0.86917377],[ 0.17941985 -0.48816848  0.26790791 -0.85385206],[ 0.24500922 -0.26882632 -0.00605159 -0.21251281],6.858367204666138,[-908.63260652  722.9844685   417.76132562 -519.63231458]
[ 0.29479223 -0.7478144   0.21785802 -1.1855205 ],[ 0.20717059 -0.52874753  0.25394535 -0.87877312],[ 0.19268439 -0.50474919  0.26790791 -0.8639188 ],[ 0.25386147 -0.31073485 -0.00360293 -0.20301109],6.9079296588897705,[-907.05488765  735.25935988  418.08376397 -501.30426451]
[ 0.30797905 -0.77649033  0.22422068 -1.1875157 ],[ 0.21729347 -0.54768425  0.2532472  -0.88837248],[ 0.20856682 -0.52674037  0.26773348 -0.87590303],[ 0.2571929  -0.35210935 -0.00394299 -0.19595944],6.967914581298828,[-856.61065562  689.96533971  415.50782151 -485.88332387]
[ 0.32106483 -0.81064504  0.2282544  -1.185356  ],[ 0.22724184 -0.57142076  0.25281085 -0.89448124],[ 0.21903877 -0.54244836  0.26773348 -0.88357293],[ 0.25631106 -0.3756407  -0.00382004 -0.18720761],7.005858421325684,[-949.35335945  779.17229528  422.1986339  -482.08422339]
[ 0.33296484 -0.8414053   0.23315611 -1.1836506 ],[ 0.2371902  -0.59515727  0.2523745  -0.90059   ],[ 0.23230331 -0.56321769  0.26773348 -0.89220158],[ 0.25552737 -0.40067974 -0.00324723 -0.17174987],7.059513092041016,[-882.83121429  738.29268311  413.57837391 -473.38619109]
[ 0.34431916 -0.8727287   0.2368922  -1.1814054 ],[ 0.24757493 -0.62142441  0.2523745  -0.90495333],[ 0.24556785 -0.5846853   0.26755904 -0.89977561],[ 0.25768967 -0.42125533 -0.00292094 -0.14738902],7.106784820556641,[-865.09211929  747.33596731  413.91421721 -472.08020006]
[ 0.35611287 -0.90074193  0.24291201 -1.1757842 ],[ 0.25795966 -0.64769155  0.2523745  -0.90931666],[ 0.25883232 -0.60702556  0.26755904 -0.9063909 ],[ 0.26142052 -0.43812788 -0.00261421 -0.13107034],7.155967712402344,[-864.33233473  727.84516343  398.85814556 -449.04139591]
[ 0.36813825 -0.9260485   0.25233066 -1.1705226 ],[ 0.26912977 -0.67308614  0.25150192 -0.91280726],[ 0.27244593 -0.63023854  0.26755904 -0.91204745],[ 0.26538792 -0.45379679 -0.0027198  -0.11330042],7.205641984939575,[-854.62877154  708.40494113  374.87889764 -452.81009903]
[ 0.37875402 -0.94742805  0.2610081  -1.1639634 ],[ 0.28029987 -0.69848073  0.25062934 -0.91629785],[ 0.288852   -0.6590363   0.26755904 -0.91779988],[ 0.26790633 -0.47137127 -0.00508384 -0.09344487],7.256144046783447,[-762.62052589  643.76360492  369.37673805 -436.9006983 ]
[ 0.38818812 -0.966952    0.27105212 -1.1513016 ],[ 0.29120818 -0.72387528  0.25237463 -0.91804329],[ 0.30246555 -0.68381994  0.26755904 -0.92163483],[ 0.26952375 -0.49111012 -0.00160004 -0.07558667],7.306962251663208,[-765.89603901  651.48999857 -446.52163269 -399.3561399 ]
[ 0.3965527 -0.9855016  0.2800562 -1.1409723],[ 0.30211648 -0.74926984  0.25411993 -0.91978872],[ 0.31625367 -0.70930186  0.26755891 -0.92460692],[ 0.27064573 -0.50435526 -0.00112256 -0.05773977],7.3550050258636475,[-720.10977777  634.49458744 -451.07133357 -415.07247052]
[ 0.40746558 -0.99916404  0.28912464 -1.1285404 ],[ 0.31581731 -0.77213368  0.25490543 -0.92240661],[ 0.33004172 -0.73530717  0.26755891 -0.92671614],[ 0.27087913 -0.51138722 -0.00214704 -0.04165055],7.405014276504517,[-743.97443268  589.60240708 -460.41491476 -399.12443573]
[ 0.4158582  -1.0100989   0.29665273 -1.1200554 ],[ 0.32951814 -0.79499751  0.25569093 -0.92502451],[ 0.34348083 -0.7611381   0.26755904 -0.92777076],[ 2.65885514e-01 -5.14738805e-01  2.80647245e-04 -2.03076727e-02],7.455045938491821,[-686.15928389  559.34617409 -461.34344291 -429.36542114]
[ 0.42053497 -1.0077677   0.30724302 -1.1068671 ],[ 0.34077552 -0.80608034  0.25717431 -0.92589721],[ 0.35622172 -0.78661996  0.26773361 -0.92786663],[ 2.51158807e-01 -5.06801586e-01  3.51836870e-04 -3.47339560e-03],7.5083231925964355,[-600.55615568  453.82392139 -484.13032288 -396.51055252]
[ 0.423854  -1.0029958  0.323457  -1.0899746],[ 0.3520329  -0.81716317  0.25865769 -0.92676991],[ 0.36774089 -0.81140353  0.26773334 -0.92748313],[ 2.26212817e-01 -4.94603459e-01 -2.83759814e-04  3.38076051e-03],7.559454679489136,[-557.5140904   413.78712837 -525.18553095 -365.68315867]
[ 0.42923045 -0.9959146   0.3487932  -1.0731503 ],[ 0.36599553 -0.82641345  0.26206121 -0.92764264],[ 0.37734019 -0.83548909  0.26773361 -0.92700376],[ 1.91723597e-01 -4.81722898e-01 -4.81466236e-04  1.09974863e-02],7.608028411865234,[-596.0835523   372.92565741 -589.5988392  -358.65827067]
[ 0.43559134 -0.9902661   0.3782828  -1.063927  ],[ 0.37995815 -0.83566374  0.26546472 -0.92851537],[ 0.38484511 -0.85730571  0.26755904 -0.92585328],[ 0.15292644 -0.43819579 -0.00436619  0.02345579],7.658843755722046,[-636.56338966  367.73026613 -637.80502852 -412.52793889]
[ 0.44053203 -0.98242664  0.41905963 -1.0564072 ],[ 0.39165185 -0.83993974  0.27558753 -0.92851537],[ 0.38990658 -0.87039568  0.26616261 -0.92422342],[ 0.1169736  -0.34482522  0.01904883  0.02965603],7.709835052490234,[-651.31469919  386.11952911 -733.56717576 -424.86176402]
[ 0.44742912 -0.9780336   0.4676504  -1.0549846 ],[ 0.40334556 -0.84421575  0.28571033 -0.92851537],[ 0.39269911 -0.8763298   0.27000249 -0.92288119],[ 0.08470725 -0.18309079  0.04776022  0.03119283],7.7608482837677,[-735.24326617  439.57576967 -789.36086965 -465.48877513]
[ 0.4508612  -0.9771811   0.51932466 -1.0497942 ],[ 0.41041416 -0.84910268  0.30962139 -0.92764264],[ 0.39566614 -0.87755153  0.28152159 -0.92144308],[ 0.07373709 -0.06834558  0.19820191  0.02772582],7.815503358840942,[-682.95393758  487.15080285 -809.82777285 -437.90962938]
[ 0.45210364 -0.97053105  0.560455   -1.0446277 ],[ 0.41748276 -0.8539896   0.33353245 -0.92676991],[ 0.40072761 -0.8777261   0.30805067 -0.91971736],[ 0.08448087 -0.01508449  0.40824185  0.03121562],7.859649896621704,[-599.57196929  451.74801762 -714.95634892 -438.36996278]
[ 0.4516552  -0.9556743   0.60108805 -1.0373678 ],[ 0.42044982 -0.85494956  0.36224321 -0.92589721],[ 0.40474186 -0.87737702  0.3319616  -0.91837512],[ 0.09661701 -0.00227549  0.53447977  0.0311169 ],7.907443046569824,[-567.59967656  391.01916448 -740.76382688 -418.07302763]
[ 0.4490773  -0.93442786  0.64103734 -1.02275   ],[ 0.42341688 -0.85590953  0.39095396 -0.92502451],[ 0.41119956 -0.87720252  0.37419867 -0.91712876],[ 0.1063589  -0.00075669  0.668742    0.02521592],7.957946300506592,[-453.80074387  330.45647889 -657.03784384 -359.21038436]
[ 0.4438683  -0.9129246   0.69655526 -1.0093803 ],[ 0.42551129 -0.85617128  0.43004915 -0.92415178],[ 0.41556288 -0.87755153  0.40264749 -0.9162659 ],[ 0.10922836 -0.00617955  0.68861562  0.02216987],8.00614595413208,[-397.88468946  303.909773   -809.87180985 -359.00965626]
[ 0.44089827 -0.88739944  0.7525581  -0.9964789 ],[ 0.42760569 -0.85643303  0.46914434 -0.92327905],[ 0.4197517  -0.87824974  0.43545976 -0.91540304],[ 0.10448248 -0.01159904  0.6389554   0.02242536],8.0551438331604,[-398.30690963  251.38988235 -816.44688346 -356.26789639]
[ 0.43704674 -0.86875224  0.8058537  -0.9816098 ],[ 0.42734388 -0.8563458   0.50675631 -0.92327905],[ 0.42533675 -0.8792969   0.46355944 -0.91425255],[ 0.08763557 -0.01175717  0.59706684  0.0122523 ],8.107670307159424,[-316.94466113 -529.02563196 -850.23369443 -337.64840066]
[ 0.43488407 -0.8579214   0.8546958  -0.9723735 ],[ 0.42708206 -0.85625857  0.54436827 -0.92327905],[ 0.42882742 -0.87964597  0.50160762 -0.91425255],[ 0.05436227 -0.0030411   0.64719428  0.00410996],8.155179738998413,[-345.4494259  -488.98284999 -799.32924611 -364.40609978]
[ 0.43580273 -0.84966564  0.9023041  -0.96863043],[ 0.4269948  -0.85634589  0.58154386 -0.92153388],[ 0.42970007 -0.87982047  0.53197631 -0.91425255],[ 0.02815025 -0.0012797   0.72620648  0.00322903],8.20933723449707,[-431.20388381 -480.87148212 -844.18225825 -400.98772549]
[ 0.4361487  -0.8385848   0.94415843 -0.9722075 ],[ 0.42690754 -0.85643321  0.61871946 -0.91978872],[ 0.429351   -0.88016955  0.57421338 -0.9140608 ],[-7.81963198e-04 -6.10977463e-03  8.18231375e-01  1.77269456e-03],8.258051872253418,[-444.41837211 -510.34718428 -768.30526337 -455.45480384]
[ 0.43769872 -0.83476985  0.97872615 -0.9807185 ],[ 0.426733   -0.85634589  0.65092069 -0.91891602],[ 0.42812927 -0.88086769  0.61871907 -0.91425255],[-0.01571817 -0.01029407  0.86812404 -0.00488209],8.30838680267334,[-489.43999429 -473.24847777 -717.43291855 -491.46786444]
[ 0.43494534 -0.8343921   1.0111341  -0.98657143],[ 0.42655846 -0.85625857  0.68312192 -0.91804332],[ 0.42690755 -0.8812167   0.66339945 -0.91473192],[-0.01672751 -0.00797977  0.88123003 -0.01071178],8.358628749847412,[-417.20468623 -451.19710227 -695.15981634 -473.53448683]
[ 0.43005776 -0.83227855  1.0459722  -0.99469346],[ 0.42559853 -0.85608399  0.72361353 -0.91629788],[ 0.42673298 -0.88104213  0.70790567 -0.91549891],[-4.97075845e-03  3.70850383e-05  8.85637937e-01 -1.32722482e-02],8.405875205993652,[-345.90069658 -460.4283252  -696.64829303 -491.08252092]
[ 0.42421165 -0.8266136   1.076891   -0.9961571 ],[ 0.4246386  -0.85590941  0.76410514 -0.91455245],[ 0.42743112 -0.87999498  0.75258592 -0.9162659 ],[ 0.01036923  0.01556502  0.88791977 -0.01528246],8.455028772354126,[ 514.30035012 -481.16166183 -665.3505481  -444.82211879]
[ 0.41737604 -0.8173523   1.099943   -0.999847  ],[ 0.42420228 -0.85529852  0.79735366 -0.91455245],[ 0.42865285 -0.8780751   0.79639372 -0.91703289],[ 0.02074631  0.02848368  0.87568726 -0.01501254],8.505155563354492,[ 577.29239679 -504.88908025 -614.63195976 -461.86763474]
[ 0.4100824  -0.80516493  1.1208674  -0.99855095],[ 0.42376596 -0.85468763  0.83060217 -0.91455245],[ 0.43022365 -0.87667888  0.84718287 -0.91799163],[ 0.01946934  0.02624885  0.85025021 -0.01428081],8.554569959640503,[ 633.72626233 -536.43344923 -545.74355821 -424.49601599]
[ 0.40435567 -0.7882167   1.1326392  -0.99461156],[ 0.42324235 -0.84901533  0.85468778 -0.91455245],[ 0.43074729 -0.87580622  0.88872152 -0.91866274],[ 0.00846473  0.02398799  0.83384251 -0.01351749],8.607162952423096,[ 625.75121766 -584.30024862 -516.3963566  -405.70101168]
[ 0.39983013 -0.77180934  1.1439955  -0.98927385],[ 0.42271873 -0.84334302  0.87877339 -0.91455245],[ 0.43022365 -0.87441     0.92886428 -0.91942973],[-0.00595734  0.02863526  0.79708722 -0.01452909],8.657694339752197,[ 612.02011765 -592.90753418 -491.8103495  -392.18905139]
[ 0.3989088 -0.7570378  1.1489537 -0.9819661],[ 0.42202061 -0.83156204  0.8989318  -0.91455245],[ 0.429351   -0.87231562  0.96080371 -0.9202926 ],[-0.01278191  0.03857697  0.65121069 -0.01623594],8.704983949661255,[ 552.94135446 -591.54343766 -472.56219323 -373.64234604]
[ 0.39895132 -0.74620813  1.1504568  -0.9757354 ],[ 0.42132249 -0.81978106  0.91909021 -0.91455245],[ 0.42865285 -0.86934846  0.97860614 -0.92115546],[-0.01546376  0.059986    0.40773308 -0.01682485],8.754922866821289,[ 537.39306792 -570.44140881 -502.02433109 -377.63531366]
[ 0.3987953  -0.7383623   1.1489418  -0.96773905],[ 0.42071164 -0.81122905  0.93540913 -0.91455245],[ 0.42743112 -0.86323983  0.98611119 -0.92182658],[-0.02591804  0.10823631  0.22048407 -0.01904916],8.80471420288086,[ 527.1871878  -535.3285065  -524.18850374 -362.28375985]
[ 0.3978299  -0.72424656  1.150159   -0.95980126],[ 0.42010078 -0.80267704  0.95172805 -0.91455245],[ 0.42533675 -0.85416411  0.98907809 -0.92288119],[-0.05654222  0.17383614  0.14801278 -0.01662062],8.859755039215088,[ 520.5929778  -560.23821038 -553.58543012 -355.51316784]
[ 0.39860612 -0.70632696  1.1527506  -0.9578078 ],[ 0.41983895 -0.79360121  0.96717411 -0.91455245],[ 0.4199262  -0.84142322  0.99466327 -0.92374406],[-0.08236216  0.20479072  0.09638536 -0.01194043],8.907743692398071,[ 413.76162962 -566.25121164 -545.26289661 -397.03746019]
[ 0.39981207 -0.68583626  1.157191   -0.9549581 ],[ 0.41957712 -0.78452539  0.98262018 -0.91455245],[ 0.41521381 -0.83426737  0.99815387 -0.9243193 ],[-0.08326031  0.16919703  0.06200619 -0.01205063],8.954946517944336,[ 388.19809683 -628.6539744  -563.10619931 -391.344956  ]
[ 0.40066808 -0.6673044   1.1573112  -0.9521869 ],[ 0.41983895 -0.7772823   0.99501202 -0.91455245],[ 0.41207221 -0.8292059   1.0011209  -0.92479867],[-0.07443728  0.13138195  0.06643713 -0.01255163],9.006231784820557,[ 397.03238806 -642.93939304 -543.99429593 -390.94029164]
[ 0.4030546 -0.6509348  1.1586714 -0.9506432],[ 0.42010078 -0.7700392   1.00740385 -0.91455245],[ 0.40945425 -0.82379535  1.00862569 -0.92537391],[-0.05494985  0.11433965  0.11754626 -0.01321399],9.05952763557434,[ 356.90082671 -638.79010811 -523.72229785 -397.8020728 ]
[ 0.4058144  -0.63782495  1.1637831  -0.94807255],[ 0.41896631 -0.76366881  1.02023214 -0.91455245],[ 0.40823253 -0.81733772  1.01752691 -0.9261409 ],[-0.0295763   0.12302856  0.20668766 -0.01472972],9.108488321304321,[ 352.34394647 -619.53229345 -530.02177413 -387.60228308]
[ 0.4102661  -0.62472516  1.1738148  -0.9436188 ],[ 0.41783184 -0.75729841  1.03306043 -0.91455245],[ 0.40823253 -0.80878564  1.03253688 -0.92690789],[-0.00698957  0.1600293   0.2677173  -0.01478183],9.157306671142578,[-476.96997043 -611.41958235 -519.95088393 -371.81018395]
[ 0.41480833 -0.6117167   1.1878519  -0.9389399 ],[ 0.41626103 -0.74970621  1.04946661 -0.91367972],[ 0.40875611 -0.79709197  1.04719785 -0.92767488],[ 0.00651673  0.21713258  0.27018021 -0.00962418],9.20520806312561,[-490.56497143 -593.28506769 -537.98169133 -367.51161707]
[ 0.41915777 -0.60013634  1.2026597  -0.93774056],[ 0.41469023 -0.74211401  1.06587279 -0.91280699],[ 0.40945425 -0.78243114  1.05836768 -0.92786663],[ 0.0121659   0.27093957  0.22932191 -0.00508923],9.255334854125977,[-503.30866357 -563.76283381 -559.87716368 -395.1990863 ]
[ 0.42334223 -0.59148043  1.221923   -0.93657905],[ 0.41390483 -0.7350454   1.08699107 -0.91280699],[ 0.4101524  -0.7642797   1.06796704 -0.92805838],[ 0.01070395  0.29096823  0.17082957 -0.00384669],9.304520845413208,[-518.26530058 -515.67405637 -595.35606407 -394.78751511]
[ 0.4259703 -0.5841964  1.2389897 -0.9381072],[ 0.41311944 -0.7279768   1.10810935 -0.91280699],[ 0.41067598 -0.7517133   1.07459938 -0.92825012],[ 0.00616104  0.26230413  0.14072175 -0.0030472 ],9.355397462844849,[-508.05114559 -535.7382063  -609.09123174 -414.28335167]
[ 0.42874455 -0.5789719   1.2534432  -0.94134235],[ 0.41346851 -0.72239181  1.12730813 -0.91280699],[ 0.41067598 -0.7419395   1.08088231 -0.92844187],[ 0.00074808  0.21000481  0.13888543 -0.00064743],9.404473543167114,[-531.97352592 -535.59877915 -607.56383747 -427.75414748]
[ 0.4318565  -0.57417977  1.2687418  -0.9423886 ],[ 0.41381758 -0.71680683  1.14650691 -0.91280699],[ 0.4103269  -0.73548167  1.09117969 -0.92825012],[-0.00588698  0.1629646   0.19241574  0.00265337],9.457871675491333,[-559.58422366 -551.28145741 -598.98735105 -415.73500295]
[ 0.4328812  -0.5642642   1.2895322  -0.94014823],[ 0.41434115 -0.70895278  1.16683996 -0.91280699],[ 0.40980333 -0.7323402   1.1110767  -0.92815425],[-0.01055801  0.1079431   0.34802832  0.00337899],9.505607843399048,[-538.62296117 -608.82886874 -582.28256396 -390.9854596 ]
[ 0.43502134 -0.55499077  1.3206924  -0.93637073],[ 0.41486472 -0.70109874  1.18717301 -0.91280699],[ 0.40927968 -0.72919841  1.13306775 -0.9279625 ],[-0.01160051  0.08035497  0.49410661  0.00301547],9.554757833480835,[-568.68063717 -611.09550839 -626.90543711 -379.10414123]
[ 0.43691954 -0.54531205  1.355804   -0.93069565],[ 0.41547562 -0.69376835  1.20637149 -0.91280699],[ 0.40875611 -0.72500979  1.16570532 -0.92786663],[-0.00680808  0.08075097  0.60187844  0.00322917],9.604660987854004,[-577.15847853 -612.72618575 -600.69708726 -362.3598342 ]
[ 0.4384821  -0.53638697  1.3893036  -0.92452663],[ 0.41608652 -0.68643796  1.22556996 -0.91280699],[ 0.40893068 -0.72012275  1.19572501 -0.92767488],[0.00397675 0.09213753 0.57706436 0.00379677],9.655487060546875,[-568.58494116 -608.02866627 -608.48653962  443.41476703]
[ 0.4401867  -0.52682483  1.4099523  -0.91909003],[ 0.41704643 -0.67919481  1.23743838 -0.91193452],[ 0.40980333 -0.71436333  1.21806547 -0.92738726],[0.01252447 0.11040585 0.47306325 0.00514551],9.717565059661865,[-564.40145245 -610.41582618 -584.6394135   440.19166506]
[ 0.44165462 -0.5215736   1.4306917  -0.9198022 ],[ 0.41800633 -0.67195165  1.2493068  -0.91106206],[ 0.41067598 -0.70738206  1.23866022 -0.92709964],[0.01047092 0.13441481 0.44298527 0.00588202],9.7588210105896,[-563.82593079 -575.40040027 -592.65132834  396.65039185]
[ 0.4419062  -0.52071184  1.4559447  -0.9260355 ],[ 0.41809362 -0.66584307  1.26449102 -0.91193452],[ 0.41067598 -0.69900429  1.26553818 -0.92681202],[0.00244412 0.1570078  0.52689893 0.00559613],9.809926986694336,[-559.92597067 -533.07602645 -583.44486081  354.74131151]
[ 0.44245037 -0.52185017  1.4802585  -0.92690146],[ 0.41818091 -0.65973449  1.27967525 -0.91280699],[ 0.41050141 -0.69010307  1.29747773 -0.92662027],[-0.00217114  0.17385935  0.60044763  0.00431205],9.859483480453491,[-570.53025614 -507.85488664 -550.11206364 -407.54421046]
[ 0.44428027 -0.5293704   1.5147561  -0.92240065],[ 0.41896631 -0.65737829  1.30934596 -0.91193452],[ 0.4103269  -0.68067834  1.32697357 -0.92642852],[1.45790125e-04 1.82071081e-01 5.78574543e-01 2.37528690e-03],9.907200574874878,[-599.84511483 -449.36692673 -609.21009233  432.1770524 ]
[ 0.44461334 -0.53597546  1.5453682  -0.9162298 ],[ 0.4197517  -0.65502208  1.33901668 -0.91106206],[ 0.41085048 -0.6719517   1.35821512 -0.92642852],[0.00804004 0.17401773 0.50038936 0.00161911],9.956688642501831,[-565.9556528  -443.74090493 -584.45660527  448.29564362]
[ 0.44418818 -0.5437429   1.5788882  -0.9135218 ],[ 0.42018802 -0.65388757  1.37880999 -0.91106206],[ 0.4117232  -0.66514492  1.37409768 -0.92642852],[0.01466877 0.14403589 0.46113951 0.00148196],10.005741119384766,[-542.84896408 -433.72372372 -680.34921872  425.40883917]
[ 0.44288006 -0.5526398   1.6091827  -0.9115629 ],[ 0.42062435 -0.65275306  1.4186033  -0.91106206],[ 0.41259585 -0.66043266  1.39765973 -0.92623677],[0.01125839 0.09014656 0.40590551 0.00367275],10.056457757949829,[-518.69653221 -425.91994257 -640.36494872  419.70737459]
[ 0.4424707 -0.5644688  1.6383405 -0.9142953],[ 0.42079888 -0.65196764  1.45438266 -0.91106206],[ 0.41259585 -0.65903636  1.41720733 -0.92604503],[1.71181571e-04 4.78880276e-02 4.05094066e-01 3.65404193e-03],10.110390186309814,[-543.23132921 -415.00440567 -662.30304491  385.40579665]
[ 0.44269606 -0.57479644  1.671209   -0.91582817],[ 0.42097342 -0.65118223  1.49016201 -0.91106206],[ 0.4118977  -0.65886179  1.44094382 -0.92594915],[-0.01134607  0.01907013  0.4678484   0.0026512 ],10.155721664428711,[-567.84971118 -420.88387093 -669.38674579  393.65944307]
[ 0.4427504 -0.5859874  1.7203424 -0.9187453],[ 0.42132249 -0.65004781  1.54339457 -0.91193452],[ 0.41102505 -0.65886186  1.4723598  -0.92585328],[-0.01296267  0.00454889  0.60545056  0.002273  ],10.205629110336304,[-572.53706491 -405.54998256 -723.88413331  382.46308419]
[ 0.44022468 -0.5885696   1.7661183  -0.91996455],[ 0.42167157 -0.64891338  1.59662712 -0.91280699],[ 0.41067598 -0.65903636  1.50726638 -0.92585328],[-7.29364245e-03 -3.09704309e-04  7.89258191e-01  4.23618846e-04],10.25894570350647,[-515.08075264 -455.98240342 -705.41595883  394.40944098]
[ 0.43723953 -0.5860496   1.8212478  -0.91826755],[ 0.42184611 -0.64655724  1.65143049 -0.91280699],[ 0.41119956 -0.65816364  1.56346601 -0.92585328],[ 0.00519949  0.01330611  1.04070168 -0.00179015],10.305207014083862,[-477.54792914 -482.02360601 -653.19755953  415.67169742]
[ 0.43414265 -0.585414    1.8881271  -0.91262656],[ 0.42202064 -0.6442011   1.70623386 -0.91280699],[ 0.41207221 -0.65624371  1.62786843 -0.92594915],[ 1.73450497e-02  2.89075681e-02  1.21925027e+00 -6.72049286e-04],10.35513186454773,[-450.78541181 -463.10342434 -670.8694822   446.81936059]
[ 0.42917988 -0.58548236  1.9632357  -0.90730155],[ 0.42175882 -0.64158306  1.76103717 -0.91280699],[ 0.413294   -0.65484761  1.69768187 -0.92594915],[0.01768077 0.03235736 1.35133339 0.00254852],10.40510892868042,[-386.62428364 -460.55499856 -688.23855771  446.59881323]
[ 0.42362988 -0.5862127   2.0426784  -0.90270525],[ 0.42149699 -0.63896501  1.81584048 -0.91280699],[ 0.41399208 -0.65380026  1.77552341 -0.92575741],[0.01173579 0.02493131 1.51550049 0.00286767],10.458250284194946,[-354.43016555 -456.89305368 -674.01400287  442.35816575]
[ 0.4208621  -0.58952236  2.11407    -0.89963907],[ 0.42184606 -0.63817957  1.86348796 -0.91367972],[ 0.41399208 -0.6527531   1.87762527 -0.92575741],[5.01678367e-04 2.13010896e-02 1.65393992e+00 1.28964868e-04],10.510741233825684,[-392.81697038 -437.02014597 -504.8817104   434.52216539]
[ 0.4194959  -0.5946479   2.166271   -0.89549863],[ 0.42219514 -0.63739413  1.91113544 -0.91455245],[ 0.4134685  -0.65100793  1.95860854 -0.92594915],[-0.00642     0.02324434  1.60991594 -0.00291553],10.55903935432434,[-417.49242606 -415.02582087 -484.35940531  445.55059313]
[ 0.41627356 -0.5941553   2.199217   -0.8909127 ],[ 0.42114796 -0.63687065  1.95441973 -0.91455245],[ 0.413294   -0.64908799  2.02527998 -0.92623677],[-5.67305714e-03  2.58228099e-02  1.37861056e+00  1.28385470e-03],10.607251405715942,[-369.16169827 -446.34578792 -429.45783959  451.77699668]
[ 0.41227472 -0.5902467   2.224908   -0.88529205],[ 0.42010078 -0.63634717  1.99770403 -0.91455245],[ 0.41311943 -0.64769156  2.06943679 -0.92566153],[-0.0029606   0.02639286  0.97356586  0.00839386],10.65820050239563,[ 461.61030811 -472.55804929 -476.36373747  455.50263045]
[ 0.40160158 -0.58737874  2.2363105  -0.88545704],[ 0.41757004 -0.63617253  2.02798533 -0.91455245],[ 0.41311943 -0.64629553  2.08985737 -0.92527804],[6.01736014e-04 2.27893159e-02 6.24365730e-01 1.03613653e-02],10.71310019493103,[ 617.75021916 -467.77216175 -507.8192501   416.07084074]
[ 0.38771394 -0.59419394  2.2485235  -0.8906025 ],[ 0.4150393  -0.63599789  2.05826664 -0.91455245],[ 0.413294   -0.64577182  2.09474414 -0.92489454],[0.00417139 0.01540352 0.27189926 0.00542571],10.754982471466064,[ 738.91769621 -407.426869   -585.16490808  378.44316749]
[ 0.3743529  -0.6034097   2.2545729  -0.90020394],[ 0.41172317 -0.63591072  2.08025789 -0.91455245],[ 0.41364301 -0.64559725  2.09579143 -0.92470279],[0.00326334 0.00885688 0.10688597 0.00539813],10.804450511932373,[ 802.18385622 -385.69534426 -580.21047151  343.697494  ]
[ 0.36607543 -0.60543436  2.2629352  -0.9068924 ],[ 0.40840703 -0.63582355  2.10224915 -0.91455245],[ 0.41381758 -0.64489911  2.10189992 -0.9243193 ],[0.00061962 0.01350059 0.13495167 0.01122799],10.85833215713501,[ 765.54214627 -423.08427196 -570.69060047  359.20962176]
[ 0.35508206 -0.6052021   2.2764614  -0.9083482 ],[ 0.40203658 -0.63591072  2.13322866 -0.91455245],[ 0.4134685  -0.64332844  2.1151646  -0.92336056],[-0.00392683  0.0232191   0.20561404  0.01729292],10.908591985702515,[ 851.66033876 -430.07454525 -562.41715388  390.60455626]
[ 0.34787434 -0.6020039   2.2938683  -0.90938497],[ 0.39566612 -0.63599789  2.16420817 -0.91455245],[ 0.41294492 -0.64210658  2.12930159 -0.9224977 ],[-0.01304004  0.02625039  0.27068496  0.01594528],10.955816268920898,[ 825.65530071 -451.99246566 -578.57512208  393.25917209]
[ 0.34028074 -0.59192646  2.293055   -0.90669495],[ 0.38868482 -0.63599792  2.18218505 -0.91455245],[ 0.41119956 -0.64001234  2.14797687 -0.92182658],[-0.03955877  0.04604821  0.34587513  0.01007082],11.005448818206787,[ 842.35260934 -496.11263761 -461.58946879  421.69767732]
[ 0.33260703 -0.5772249   2.2872016  -0.90800804],[ 0.38170353 -0.63599795  2.20016193 -0.91455245],[ 0.4070108  -0.63756875  2.16909521 -0.92163483],[-0.08386041  0.06273215  0.39188974  0.00890896],11.055541753768921,[ 824.31426592 -534.08801355 -402.55932414  396.27970831]
[ 0.32429022 -0.55780804  2.2666373  -0.9086372 ],[ 0.37611847 -0.63591075  2.19859123 -0.91367972],[ 0.40160026 -0.63687067  2.18846837 -0.92105959],[-0.12420487  0.03546606  0.38914616  0.01529013],11.105559349060059,[ 830.16121274 -591.67477047 -307.07672467  397.78012536]
[ 0.31757522 -0.5368233   2.2481198  -0.9044069 ],[ 0.37053341 -0.63582355  2.19702053 -0.91280699],[ 0.39043016 -0.63721981  2.20382735 -0.91981323],[-0.17809947  0.01767961  0.27701811  0.01879993],11.15570068359375,[ 697.42211818 -628.74132652 -299.1656197   428.59104536]
[ 0.31201023 -0.5167384   2.2401881  -0.90103894],[ 0.36547194 -0.6318092   2.19824219 -0.91280699],[ 0.38170352 -0.63756869  2.20347808 -0.91914211],[-0.20173984 -0.00141351  0.13178467  0.01629947],11.206350564956665,[ 701.02247212 -643.75951056 -404.2270446   427.9292644 ]
[ 0.3095643  -0.49889582  2.2355762  -0.89488673],[ 0.36041048 -0.62779486  2.19946384 -0.91280699],[ 0.37070792 -0.63756875  2.20417623 -0.91856687],[-0.21450606  0.00289615  0.01093985  0.00862876],11.256691694259644,[ 577.42188723 -646.01453788 -408.6512165   450.87891458]
[ 0.30729634 -0.48149353  2.2367973  -0.8954541 ],[ 0.35595991 -0.61863196  2.2005111  -0.91280699],[ 0.3583161  -0.6347763   2.20417636 -0.91827925],[-0.20365054  0.03864716  0.00082458  0.00874556],11.308236360549927,[ 503.18029961 -641.1754287  -437.85214275  405.42753025]
[ 0.30476493 -0.4660502   2.2372732  -0.8986833 ],[ 0.35150933 -0.60946906  2.20155835 -0.91280699],[ 0.34889131 -0.62971483  2.20435093 -0.91827925],[-0.1847512   0.07843231 -0.00212266  0.00602102],11.359660625457764,[ 517.18951626 -626.12170507 -434.21290542  387.19374588]
[ 0.30345455 -0.4503293   2.2350945  -0.903161  ],[ 0.34836774 -0.59568095  2.20278013 -0.91193452],[ 0.34086281 -0.62273348  2.20504895 -0.91789575],[-0.16130102  0.12096234  0.0023698   0.00947587],11.405609369277954,[ 486.22886832 -624.98158337 -417.72200612  373.33907849]
[ 0.3026502  -0.43578085  2.2316728  -0.906239  ],[ 0.34522614 -0.58189285  2.2040019  -0.91106206],[ 0.33580134 -0.61645015  2.20696868 -0.91732051],[-0.12973712  0.13918074  0.02309053  0.01427734],11.456425428390503,[ 501.87371699 -630.39219305 -401.82091284  379.96809729]
[ 0.307047   -0.41483793  2.2273443  -0.90257555],[ 0.34435348 -0.56505042  2.20435095 -0.91018936],[ 0.33161258 -0.60562933  2.20784154 -0.91655352],[-0.08102366  0.19029522  0.00463801  0.00864485],11.509219884872437,[ 393.99287005 -651.68596274 -397.22042127  427.26413733]
[ 0.3120628  -0.39038253  2.223671   -0.8939594 ],[ 0.34348083 -0.548208    2.20469999 -0.90931666],[ 0.33039086 -0.5944591   2.20801597 -0.91636177],[-0.03059219  0.21245255 -0.00571672  0.00272568],11.555496454238892,[ 398.04042822 -684.00016419 -399.17102665  470.17196594]
[ 0.3189199  -0.3619296   2.2149205  -0.87940055],[ 0.34391715 -0.53023109  2.20443821 -0.90757123],[ 0.33143801 -0.58293986  2.20696882 -0.91645765],[ 0.00555204  0.22056377 -0.01487662 -0.00165855],11.605098962783813,[ 375.40632277 -722.883373   -374.95098527  521.11181232]
[ 0.32382107 -0.33637488  2.2059417  -0.86633617],[ 0.34435347 -0.51225418  2.20417643 -0.90582579],[ 0.33318332 -0.57246791  2.20836511 -0.91655352],[ 0.01226122  0.21944068 -0.01649902  0.00195076],11.655004262924194,[ 399.45446524 -726.8309479   446.87070982  517.230275  ]
[ 0.32583642 -0.3136345   2.1999063  -0.85506445],[ 0.34444073 -0.49331728  2.20365274 -0.90233517],[ 0.33283431 -0.56164709  2.20609637 -0.91617003],[-0.00700479  0.21784123 -0.00249758  0.01137805],11.709408044815063,[ 399.5096837  -719.7206293   422.32590998  506.77039581]
[ 0.32659358 -0.29422468  2.195985   -0.84295774],[ 0.34452799 -0.47438037  2.20312905 -0.89884454],[ 0.33091444 -0.55065143  2.20661981 -0.91540304],[-0.02781166  0.22309744  0.00704568  0.01135671],11.7566978931427,[ 381.43275798 -707.04632916  429.67595161  515.60070553]
[ 0.32617703 -0.2849437   2.1951396  -0.8332384 ],[ 0.34374259 -0.46094136  2.20251822 -0.89622667],[ 0.32829642 -0.53738689  2.20766697 -0.91473192],[-0.03497765  0.25540687  0.00803955  0.01618224],11.805416822433472,[ 377.561279   -628.47801195  420.63512326  504.08416249]
[ 0.3262499  -0.27938744  2.1973307  -0.82282835],[ 0.3429572  -0.44750234  2.2019074  -0.89360881],[ 0.32690012 -0.5197589   2.20941227 -0.91377318],[-0.02122232  0.32489024  0.00272072  0.01728062],11.855404138565063,[ 381.20509671 -567.7479061   410.17189877  511.63185962]
[ 0.32553956 -0.27820486  2.1986234  -0.8112263 ],[ 0.34138639 -0.43781583  2.20173287 -0.89099064],[ 0.32759827 -0.4972444   2.21063413 -0.91300619],[ 0.00591154  0.41178912 -0.00576465  0.00920684],11.905444145202637,[ 431.42941246 -490.7067856   411.70703641  526.7351841 ]
[ 0.32247174 -0.27901468  2.1999195  -0.80236226],[ 0.33981559 -0.42812932  2.20155835 -0.88837248],[ 0.33039086 -0.46757386  2.21045969 -0.91262269],[ 0.03919918  0.46688544 -0.00462252  0.01758363],11.959444999694824,[ 527.5370162  -405.18929726  404.24082338  514.49421271]
[ 0.3162868  -0.27677846  2.1995378  -0.7967919 ],[ 0.33737214 -0.42071161  2.20068562 -0.88575459],[ 0.33283431 -0.44837513  2.21011042 -0.91051347],[ 0.0393233   0.42419173 -0.02987031  0.04524596],12.00824522972107,[ 612.21457768 -469.5502271   410.71163555  481.08841976]
[ 0.30699557 -0.2608782   2.2021525  -0.79060715],[ 0.33492869 -0.4132939   2.19981289 -0.88313669],[ 0.33370696 -0.43842682  2.2094124  -0.90696614],[ 0.01435103  0.25489144 -0.00668956  0.06651861],12.05782175064087,[ 686.07642449 -613.35548228  393.06796375  476.64154653]
[ 0.29779693 -0.2626462   2.201299   -0.7772526 ],[ 0.33126348 -0.41015227  2.19920206 -0.87877336],[ 0.33231073 -0.43476158  2.20923783 -0.90322706],[-0.02052682  0.12837245  0.00209933  0.07001527],12.10776662826538,[ 689.65196267 -539.42906229  410.84772842  530.29555237]
[ 0.29072833 -0.2691664   2.2011569  -0.76356006],[ 0.32759827 -0.40701064  2.19859123 -0.87441003],[ 0.32916913 -0.43371429  2.20941227 -0.89987148],[-0.04919391  0.05653166  0.00366357  0.06550563],12.161357879638672,[ 651.1327663  -519.02190777  409.61139248  540.51475164]
[ 0.28433657 -0.28244716  2.203513   -0.74998784],[ 0.32262409 -0.40683614  2.19841671 -0.87004673],[ 0.32602754 -0.43319085  2.20923783 -0.89728289],[-0.06855928  0.03237602 -0.00170941  0.06730505],12.21048879623413,[ 657.22706199 -467.69760781  394.88423141  550.5326929 ]
[ 0.2787228  -0.28821212  2.2030416  -0.73662317],[ 0.3176499  -0.40666163  2.19824219 -0.86568344],[ 0.32148964 -0.43179442  2.20906313 -0.89363968],[-0.09027318  0.02864216 -0.00197193  0.07933405],12.265750646591187,[ 629.97878391 -500.4993423   407.29262295  546.55867449]
[ 0.27130842 -0.2904604   2.2055779  -0.72598064],[ 0.3119776  -0.40666173  2.19859135 -0.86132011],[ 0.31625367 -0.43022375  2.20906339 -0.88884599],[-0.10518855  0.03434707  0.00071743  0.09661907],12.315067291259766,[ 657.41500982 -516.78857609  392.62117196  522.37421538]
[ 0.2640328  -0.29029396  2.2062159  -0.71738344],[ 0.30630529 -0.40666184  2.19894052 -0.85695678],[ 0.30874875 -0.42690745  2.20801597 -0.88338119],[-0.11723505  0.03632264 -0.00089422  0.11008703],12.355444192886353,[ 620.13888213 -517.6639827   394.57957135  504.92577607]
[ 0.25899076 -0.28966784  2.2073462  -0.7082008 ],[ 0.3013311  -0.40666176  2.1989404  -0.85259345],[ 0.30194197 -0.42638388  2.20906313 -0.87657415],[-0.12446417  0.02929086  0.00193811  0.10725976],12.405684471130371,[ 588.27466791 -537.3328714   401.36061738  500.81564715]
[ 0.25523457 -0.2898727   2.2095618  -0.69861776],[ 0.29635692 -0.40666169  2.19894028 -0.84823012],[ 0.29513513 -0.42516222  2.20906326 -0.87139696],[-0.12791404  0.02393223  0.00279599  0.10599513],12.455109119415283,[ 553.72442143 -526.707459   -409.9898676   517.23089126]
[ 0.25183922 -0.28702125  2.2116039  -0.6894524 ],[ 0.2904228  -0.40657441  2.1991148  -0.84212136],[ 0.28989923 -0.42411493  2.2092377  -0.86708264],[-0.13034323  0.02343911  0.00203298  0.11033351],12.504972696304321,[ 562.68083083 -547.94775527 -410.36703606  522.77214076]
[ 0.24869452 -0.28360686  2.2123342  -0.6807329 ],[ 0.28448868 -0.40648714  2.19928932 -0.8360126 ],[ 0.28379053 -0.42254426  2.20923783 -0.86133021],[-0.12230784  0.02767525  0.00185339  0.11852855],12.556418895721436,[ 531.00238207 -550.02920203 -406.2242867   511.06807453]
[ 0.24501064 -0.27783757  2.2112942  -0.67221916],[ 0.27890363 -0.40561455  2.19972575 -0.82990411],[ 0.27820549 -0.42062426  2.20941227 -0.85519429],[-0.10869661  0.03248312  0.00317678  0.12301063],12.607771635055542,[ 537.44529704 -565.94390536 -396.67921254  508.13254758]
[ 0.24095741 -0.2702238   2.2108283  -0.6648437 ],[ 0.27331859 -0.40474197  2.20016217 -0.82379562],[ 0.27244593 -0.41835558  2.20993598 -0.84733264],[-0.08889154  0.03488159  0.00434988  0.12965182],12.661007642745972,[ 531.83745588 -580.28791788 -396.65300563  487.84137693]
[ 0.23825546 -0.2616062   2.2093341  -0.6540923 ],[ 0.26930431 -0.40168762  2.20086026 -0.81768686],[ 0.2689552  -0.41626087  2.21011028 -0.84090909],[-0.06606646  0.03895191  0.00236305  0.12628067],12.708633184432983,[ 541.66221869 -593.89644373  407.9237024   523.70291427]
[ 0.23540115 -0.25267267  2.2082741  -0.6427575 ],[ 0.26529002 -0.39863327  2.20155835 -0.81157809],[ 0.26703539 -0.41416662  2.21011042 -0.83601953],[-0.04969537  0.0445404  -0.00046187  0.12447827],12.756269216537476,[ 572.19433445 -602.63898028  406.37817454  541.74807577]
[ 0.2338334  -0.23907807  2.2081814  -0.6300468 ],[ 0.26214845 -0.39156461  2.20269275 -0.8045969 ],[ 0.26546459 -0.41119953  2.21011042 -0.82854137],[-0.03334891  0.05188121 -0.0044672   0.12654427],12.805453777313232,[ 558.11018165 -636.05658938  402.32625054  535.87512806]
[ 0.23202293 -0.22396962  2.2066598  -0.6177141 ],[ 0.25900689 -0.38449594  2.20382714 -0.79761571],[ 0.26406829 -0.40735978  2.20941227 -0.82202195],[-0.02685186  0.06278399 -0.00541005  0.13157261],12.855266809463501,[ 566.44198095 -651.18260552  406.28027392  542.84654553]
[ 0.23098795 -0.20696032  2.2046888  -0.60727537],[ 0.2574361  -0.37393671  2.20435071 -0.79150695],[ 0.26232299 -0.40317103  2.2092377  -0.81521491],[-0.0317258   0.07434579 -0.00192362  0.13502068],12.906610012054443,[ 546.01598945 -673.33914021  412.24475552  529.39183218]
[ 0.23044741 -0.19096895  2.2027225  -0.5972961 ],[ 0.25586531 -0.36337748  2.20487428 -0.78539819],[ 0.26005405 -0.39863307  2.20941213 -0.80850375],[-0.04076263  0.08669727  0.00162333  0.13454177],12.954988479614258,[ 522.0967852  -676.56782487  415.86032587  528.48017552]
[ 0.23062174 -0.17364661  2.20178    -0.5864046 ],[ 0.25542894 -0.35002573  2.20487428 -0.77667153],[ 0.25726152 -0.39304822  2.2094124  -0.80179258],[-0.04983241  0.1041171   0.00208927  0.13471911],13.005164861679077,[ 488.67827493 -690.01432463  411.67100319  536.95646   ]
[ 0.23122296 -0.15656042  2.2023385  -0.5758182 ],[ 0.25499257 -0.33667397  2.20487428 -0.76794487],[ 0.25411992 -0.38589218  2.20958671 -0.79498554],[-0.05574845  0.12930841  0.00234527  0.13837371],13.055615425109863,[ 458.32031549 -689.07154908  405.60274307  536.03956646]
[ 0.2314498  -0.14116937  2.2028992  -0.5657543 ],[ 0.25473079 -0.32436937  2.20478702 -0.76096365],[ 0.25185104 -0.37908553  2.20993585 -0.78932899],[-0.05477222  0.15518351  0.00268919  0.14304952],13.106251955032349,[ 464.55521835 -689.55997367  406.1300847   542.63881858]
[ 0.23130767 -0.12755954  2.2043152  -0.55626976],[ 0.25446901 -0.31206477  2.20469975 -0.75398242],[ 0.24923302 -0.36878802  2.21011042 -0.78194671],[-0.04743842  0.18803444  0.00368259  0.14752899],13.156292915344238,[ 452.47358369 -661.15535154  400.47703174  527.55389358]
[ 0.23001903 -0.11675616  2.205392   -0.54628605],[ 0.2539454  -0.30159278  2.20461249 -0.74700096],[ 0.24731315 -0.35726879  2.21045942 -0.77437268],[-0.03340258  0.21585109  0.00352238  0.14806993],13.210067749023438,[ 476.99844475 -636.2060916   401.95015966  530.91105541]
[ 0.22838643 -0.10744332  2.2061574  -0.53719157],[ 0.25342178 -0.2911208   2.20452523 -0.7400195 ],[ 0.24626599 -0.34452796  2.21342645 -0.76708627],[-0.01700413  0.24199069  0.0004973   0.14679945],13.26155400276184,[ 498.18281593 -616.46183829  416.70012816  527.60413655]
[ 0.22623864 -0.1007117   2.2065597  -0.5272815 ],[ 0.25254913 -0.28064892  2.20426357 -0.73129284],[ 0.24591685 -0.33021613  2.21063386 -0.75970399],[-0.003135    0.26805538 -0.00207292  0.14909869],13.307994604110718,[ 525.38173492 -583.90188803  390.38748169  533.90566106]
[ 0.22386734 -0.09540065  2.2062857  -0.51835334],[ 0.25167647 -0.27017704  2.2040019  -0.72256619],[ 0.24626599 -0.31590457  2.21063399 -0.75193821],[ 0.00483379  0.27908799 -0.00057667  0.15705981],13.360229969024658,[ 552.81585162 -566.35688113  405.52262607  524.92898864]
[ 0.22007188 -0.09153754  2.2059343  -0.5114939 ],[ 0.24993117 -0.2617994   2.20321643 -0.71471226],[ 0.246615   -0.30333831  2.21028512 -0.74359719],[0.0070725  0.2532848  0.00063025 0.16732163],13.406708002090454,[ 594.90757668 -559.44261303  404.36166646  505.68034773]
[ 0.21592191 -0.08810775  2.2055128  -0.5041769 ],[ 0.24818587 -0.25342175  2.20243096 -0.70685834],[ 0.246615   -0.29461166  2.20993598 -0.73506442],[ 0.00186193  0.19532504 -0.00231637  0.16983191],13.456270217895508,[ 615.74008087 -574.63800862  404.73325759  506.93343093]
[ 0.21041763 -0.09031357  2.2061255  -0.4979512 ],[ 0.24478245 -0.24888396  2.20182014 -0.69900441],[ 0.24574235 -0.28867741  2.20941227 -0.72653165],[-0.0111262   0.13788987 -0.00276641  0.17033838],13.504900455474854,[ 646.1257514  -549.39315024  398.41822745  498.14089025]
[ 0.20524052 -0.0942404   2.206983   -0.49266464],[ 0.24137902 -0.24434616  2.20120931 -0.69115049],[ 0.2434734  -0.28361587  2.20906313 -0.7164649 ],[-0.03574183  0.09496951 -0.00021215  0.16906226],13.557437896728516,[ 634.80455868 -535.30145459  396.91043601  478.43886712]
[ 0.19856253 -0.10255779  2.2078202  -0.48718104],[ 0.2362303  -0.24286261  2.20094752 -0.68242383],[ 0.24050638 -0.28029997  2.20888882 -0.70793213],[-0.05662398  0.07681747  0.00078422  0.17333796],13.607567310333252,[ 665.40557423 -507.75627853  396.73579936  489.03137698]
[ 0.1920532  -0.11053264  2.2087152  -0.48259535],[ 0.23108158 -0.24137907  2.20068574 -0.67369717],[ 0.23631762 -0.27680923  2.20853955 -0.7007416 ],[-0.07259043  0.06884912 -0.00396215  0.18018246],13.660218000411987,[ 656.14499907 -497.29961392 -405.50625368  490.83917304]
[ 0.18493238 -0.11734061  2.2097454  -0.47755778],[ 0.22523474 -0.24015734  2.20094752 -0.66584325],[ 0.23108158 -0.27401664  2.20836511 -0.69000373],[-0.09360317  0.06254675 -0.00179134  0.17046014],13.719519138336182,[ 659.02861548 -498.91903196 -406.54082217  466.32096661]
[ 0.17816587 -0.12485253  2.210887   -0.4718446 ],[ 0.2193879  -0.23893562  2.20120931 -0.65798932],[ 0.22654369 -0.27174776  2.20888869 -0.68358019],[-0.10767411  0.05951568  0.00261306  0.15883534],13.7641122341156,[ 675.33194953 -488.05394865 -404.64555531  500.89513776]
[ 0.1711367  -0.13192049  2.2122502  -0.46730953],[ 0.21319199 -0.23745204  2.20077288 -0.65100786],[ 0.22008606 -0.26878073  2.20871412 -0.67591028],[-0.12039844  0.05418149  0.00264581  0.15215618],13.809090375900269,[ 653.32313127 -476.4898242  -410.12437198  482.3565345 ]
[ 0.16478856 -0.13830152  2.2143645  -0.4623686 ],[ 0.20699608 -0.23596846  2.20033646 -0.6440264 ],[ 0.21345372 -0.26651172  2.20871412 -0.668528  ],[-0.12833768  0.04588773  0.00217356  0.14750935],13.858062744140625,[ 639.0613004  -476.17144167 -414.70811947  485.99009964]
[ 0.1608592  -0.1462934   2.2170174  -0.45694226],[ 0.20245819 -0.23649203  2.20077288 -0.63879034],[ 0.20664695 -0.26371913  2.2074924  -0.66018698],[-0.13231353  0.03968897 -0.00095223  0.13960781],13.909763813018799,[ 585.76037888 -452.5463307  -426.12374215  481.21993322]
[ 0.15672618 -0.15255891  2.2187133  -0.4489004 ],[ 0.19792029 -0.2370156   2.20120931 -0.63355428],[ 0.19809487 -0.26284654  2.20853955 -0.65395518],[-0.13598766  0.03046425  0.00143226  0.12306918],13.9691162109375,[ 540.53086728 -467.34495889 -412.95288124  515.19780842]
[ 0.15201762 -0.15784773  2.219831   -0.44041246],[ 0.19285886 -0.23684107  2.20059836 -0.62744579],[ 0.19093896 -0.26022866  2.20731796 -0.64954499],[-0.13902956  0.02833524  0.00088154  0.11183623],14.008846044540405,[ 557.88170073 -454.81410414 -422.53453388  533.11036297]
[ 0.14629951 -0.16184342  2.2208693  -0.43111175],[ 0.18779743 -0.23666653  2.19998741 -0.62133729],[ 0.18517947 -0.26040323  2.20871425 -0.6443678 ],[-0.14029632  0.02527457  0.0026367   0.1044104 ],14.059866428375244,[ 593.77898615 -475.57201007 -410.62154265  535.49265548]
[ 0.139676   -0.16559309  2.2229447  -0.42074722],[ 0.1818633  -0.23675382  2.20068562 -0.61522853],[ 0.1769764  -0.25918137  2.20888869 -0.63842363],[-0.1327052   0.01768949  0.0063834   0.09992319],14.112462282180786,[ 562.79905477 -463.6796056  -422.19999399  539.78069016]
[ 0.1336225  -0.16928092  2.2249696  -0.41022593],[ 0.17592917 -0.23684111  2.20138383 -0.60911977],[ 0.17226407 -0.25883236  2.20941227 -0.6344928 ],[-0.11791844  0.01303006  0.00798186  0.09877908],14.158194541931152,[ 613.33345337 -465.26577329 -421.98874247  558.26674158]
[ 0.12815866 -0.17270413  2.227097   -0.40164182],[ 0.17034413 -0.23675389  2.20147109 -0.60475647],[ 0.16824976 -0.25813421  2.20906326 -0.62950737],[-0.09490751  0.01162309  0.00572065  0.09668158],14.20779299736023,[ 622.20709762 -460.63597575 -428.64292298  539.12354497]
[ 0.12349379 -0.1761256   2.2282012  -0.39237422],[ 0.16475908 -0.23666666  2.20155835 -0.60039318],[ 0.16458458 -0.25726163  2.20958697 -0.62490542],[-0.05729417  0.01456257 -0.00461674  0.09693064],14.26128602027893,[ 620.45529457 -455.30296132 -421.10047897  548.92501578]
[ 0.12021405 -0.17980123  2.2281606  -0.38288057],[ 0.16013394 -0.23675385  2.20164561 -0.59428468],[ 0.16283914 -0.25603977  2.20888869 -0.61982411],[-0.03902226  0.02093702 -0.01072826  0.10507901],14.31006121635437,[ 636.14946207 -446.77533088 -422.08987885  549.35825857]
[ 0.11655281 -0.1835759   2.2278652  -0.37383115],[ 0.15550879 -0.23684104  2.20173287 -0.58817619],[ 0.16074483 -0.25464347  2.20853955 -0.61426343],[-0.0484251   0.02821912 -0.00793433  0.11443182],14.36405062675476,[ 644.47316795 -439.95905396 -419.55575609  544.63719625]
[ 0.1111116  -0.18674418  2.2270648  -0.36469656],[ 0.15053461 -0.23675389  2.20173299 -0.58206743],[ 0.15707966 -0.25324731  2.20819054 -0.60803163],[-0.07728332  0.02667679 -0.00189269  0.12343776],14.411080837249756,[ 656.49162228 -439.04337706 -416.940848    541.98732003]
[ 0.10428473 -0.1898759   2.2265875  -0.35600376],[ 0.14556043 -0.23666674  2.20173311 -0.57595867],[ 0.15149461 -0.2527236   2.20836498 -0.60151222],[-0.10789504  0.01554589  0.00243327  0.12982542],14.457872867584229,[ 654.68421715 -440.8565808  -415.43034022  537.96772774]
[ 0.09649688 -0.19407928  2.2263203  -0.34652603],[ 0.14006266 -0.23657946  2.20182025 -0.56810474],[ 0.14451327 -0.25237459  2.20836511 -0.59480105],[-0.13060534  0.0065058   0.00549856  0.13756564],14.507577419281006,[ 652.18439112 -430.90824174 -416.80962826  543.5035057 ]
[ 0.08870959 -0.19803637  2.2270322  -0.33761483],[ 0.13456489 -0.23649217  2.2019074  -0.56025082],[ 0.13700835 -0.25220002  2.20871412 -0.58751464],[-0.14057441  0.00407436  0.00636861  0.14594487],14.580700397491455,[ 645.73107425 -429.30759349 -419.87280988  536.32343926]
[ 0.08277516 -0.2018785   2.227177   -0.3278827 ],[ 0.130027   -0.23640482  2.2019074  -0.55239689],[ 0.129678   -0.25185115  2.20906339 -0.57974886],[-0.13880064  0.0046893   0.00390776  0.15240156],14.607488632202148,[ 613.56691174 -424.75947113 -417.23715107  539.69757889]
[ 0.0773939  -0.20601988  2.2271636  -0.3177935 ],[ 0.12548912 -0.23631747  2.2019074  -0.54454297],[ 0.12287122 -0.25115287  2.20888869 -0.57179134],[-0.13191566  0.00760295  0.00028363  0.15968582],14.658093690872192,[ 605.99529449 -416.01761933 -418.96614587  541.92071314]
[ 0.0720704  -0.20949504  2.2270508  -0.3072489 ],[ 0.12042771 -0.23631753  2.20199466 -0.53668875],[ 0.11641346 -0.25028028  2.20871425 -0.56364207],[-0.12572013  0.01256001 -0.00118849  0.16153978],14.71443247795105,[ 604.69444296 -414.62929955 -418.60078662  544.96386858]
[ 0.06678565 -0.2130881   2.2262115  -0.2964099 ],[ 0.1153663  -0.23631759  2.20208192 -0.52883452],[ 0.11013026 -0.24923313  2.20853982 -0.55539692],[-0.12525192  0.01533287 -0.00021604  0.16529808],14.760510206222534,[ 601.74044525 -408.22941302 -414.82361513  547.65031573]
[ 0.06162537 -0.21602115  2.2252529  -0.28433228],[ 0.11039212 -0.23631766  2.20164561 -0.51923543],[ 0.10367249 -0.24836028  2.20836511 -0.54696002],[-0.12678597  0.01281375  0.00087342  0.17002033],14.808298110961914,[ 590.76560427 -409.44277243 -413.52916974  556.79911316]
[ 0.05633133 -0.21833165  2.2243407  -0.27293277],[ 0.10541793 -0.23631772  2.20120931 -0.50963634],[ 0.09704029 -0.24801127  2.20853968 -0.53823551],[-0.1297172   0.00774453  0.00241149  0.17471715],14.871653318405151,[ 583.46435622 -413.68013589 -411.14541873  551.37637915]
[ 0.05143576 -0.21951556  2.2244592  -0.26199815],[ 0.10053096 -0.23623031  2.20173287 -0.5009097 ],[ 0.09023352 -0.24766213  2.20871412 -0.52941512],[-0.12985452  0.00425284  0.00429839  0.17796824],14.90848684310913,[ 565.30909861 -418.92367254 -415.50537263  548.5080013 ]
[ 0.04675664 -0.22033574  2.2245994  -0.25159127],[ 0.095644   -0.23614289  2.20225644 -0.49218306],[ 0.08377575 -0.24731312  2.20888869 -0.52040298],[-0.12389095  0.00331702  0.00560321  0.17943321],14.962272882461548,[ 558.40534585 -419.94360168 -415.56330444  544.1690063 ]
[ 0.04270448 -0.22123103  2.224649   -0.24031705],[ 0.09084438 -0.23614296  2.20225644 -0.4825837 ],[ 0.0778417  -0.24678955  2.20906326 -0.5111991 ],[-0.1117779   0.00426096  0.00429918  0.18157306],15.007380962371826,[ 547.44632669 -417.02259479 -415.05040898  549.9334747 ]
[ 0.03905666 -0.22220983  2.224642   -0.22916876],[ 0.08604477 -0.23614302  2.20225644 -0.47298434],[ 0.07295479 -0.24644041  2.20906313 -0.50199521],[-0.09653831  0.00608343  0.00162825  0.18577514],15.054949522018433,[ 550.89691376 -416.24172748 -415.54975184  550.02395786]
[ 0.03539138 -0.22394708  2.2245035  -0.21670112],[ 0.0807215  -0.23614302  2.20243096 -0.46251225],[ 0.06859147 -0.24556795  2.20888882 -0.49250371],[-8.27890181e-02  8.00326513e-03 -7.37778846e-05  1.91494698e-01],15.106709957122803,[ 555.52562458 -405.92083277 -415.76806277  558.73419552]
[ 0.03155547 -0.2258159   2.2236166  -0.20359384],[ 0.07539824 -0.23614302  2.20260549 -0.45204017],[ 0.06475173 -0.24486967  2.20871412 -0.48272458],[-0.07555421  0.00901349 -0.00042797  0.19553471],15.157302379608154,[ 565.92387582 -403.61009073 -411.85114127  562.86257541]
[ 0.02834608 -0.22721441  2.222822   -0.19303814],[ 0.07112214 -0.23614302  2.20260549 -0.44331352],[ 0.06021383 -0.24417153  2.20871412 -0.47045273],[-0.07262249  0.00761381  0.00053211  0.20052035],15.206743955612183,[ 539.40315375 -404.34355697 -410.70372897  526.69424488]
[ 0.0249491  -0.22823401  2.2219281  -0.18252918],[ 0.06684604 -0.23614302  2.20260549 -0.43458688],[ 0.05637409 -0.24382238  2.20871412 -0.46019424],[-0.07345042  0.00485173  0.00160157  0.2048496 ],15.258195400238037,[ 550.48090282 -407.35416972 -409.38480431  540.58574874]
[ 0.02076832 -0.229508    2.2217162  -0.17042804],[ 0.06204642 -0.23605574  2.20269275 -0.42411506],[ 0.05253447 -0.24347338  2.20853955 -0.44974399],[-0.07355069  0.00294408  0.00246511  0.21011417],15.306335926055908,[ 563.95023305 -404.20132103 -413.01636866  551.21427668]
[ 0.01665312 -0.2308766   2.2217002  -0.15848899],[ 0.0572468  -0.23596846  2.20278001 -0.41364324],[ 0.04869473 -0.2431245   2.20871425 -0.43881438],[-0.07116204  0.00237266  0.00330377  0.21582354],15.355234622955322,[ 564.34144034 -401.91562192 -412.16918242  547.22866345]
[ 0.01303415 -0.23254606  2.2218568  -0.14559236],[ 0.05262169 -0.23596846  2.20286727 -0.40317117],[ 0.04590214 -0.24277536  2.20801611 -0.42999399],[-0.06745812  0.00408578  0.00328315  0.22013834],15.406543016433716,[ 576.74072412 -398.08534429 -417.50266886  570.73446889]
[ 0.00937447 -0.23428781  2.2218382  -0.13258725],[ 0.04799658 -0.23596846  2.20295453 -0.39269909],[ 0.04241153 -0.24225179  2.20801611 -0.41887263],[-0.06438237  0.00528026  0.00174716  0.22362775],15.456013917922974,[ 567.72232562 -394.33577138 -413.74228149  556.32898987]
[ 0.00559245 -0.2358714   2.2212634  -0.11794069],[ 0.04337147 -0.23596846  2.20260549 -0.38048184],[ 0.03909536 -0.24172821  2.20853982 -0.40755952],[-0.06161817  0.00568496  0.00130873  0.22767123],15.514983654022217,[ 574.50511989 -393.18010532 -408.01747645  568.14357725]
[ 1.7368905e-03 -2.3765366e-01  2.2213564e+00 -1.0337451e-01],[ 0.03874636 -0.23596846  2.20225644 -0.36826459],[ 0.03525562 -0.24102993  2.20836511 -0.39346607],[-0.0612996   0.0054219   0.00131654  0.23149971],15.557772159576416,[ 567.83100478 -388.45336105 -414.13823169  548.35490518]
[-2.1861307e-03 -2.3969524e-01  2.2218540e+00 -9.0323657e-02],[ 0.03420846 -0.23588124  2.20269287 -0.3577925 ],[ 0.03176501 -0.23980834  2.2076671  -0.38407044],[-0.06244477  0.00508902  0.00106432  0.23455284],15.609439849853516,[ 576.24455751 -380.48194297 -419.30857397  572.45992243]
[-0.0065054  -0.2410364   2.2224176  -0.07760748],[ 0.02967057 -0.23579402  2.20312929 -0.34732041],[ 0.02897242 -0.23998277  2.20749253 -0.37227796],[-0.06459198  0.00453198  0.00110558  0.23590687],15.658862113952637,[ 600.29837163  408.07274825 -418.08748163  553.80112921]
[-0.01127011 -0.24204035  2.2227101  -0.0646849 ],[ 0.02521996 -0.23579396  2.20321643 -0.33597587],[ 0.02530725 -0.23963376  2.20819068 -0.36048549],[-0.06781277  0.00339519  0.00225638  0.2375657 ],15.70601773262024,[ 599.38637672  410.54597469 -412.78180083  555.81104947]
[-0.01588474 -0.24341647  2.2232742  -0.05169284],[ 0.02076935 -0.23579389  2.20330358 -0.32463133],[ 0.0214675  -0.23928462  2.20801611 -0.34850126],[-0.07225482  0.00189422  0.00243667  0.23952058],15.75655722618103,[ 598.38915062  414.51103672 -418.42267108  555.45901211]
[-0.02036631 -0.2446323   2.2232585  -0.03613007],[ 0.01631881 -0.23570667  2.20295453 -0.31066865],[ 0.01745332 -0.23911019  2.20801611 -0.33632529],[-7.49860147e-02  1.03297361e-04  2.41889928e-03  2.41088367e-01],15.810161828994751,[ 596.11187016  413.88595943 -415.17497484  573.80522414]
[-0.02478443 -0.24595103  2.2238097  -0.02035177],[ 0.01186827 -0.23561946  2.20260549 -0.29670596],[ 0.01256642 -0.23893575  2.20784167 -0.32184834],[-0.07801225 -0.00249521  0.00229907  0.24226052],15.857258796691895,[ 579.71977078  415.99816559 -419.0768411   559.85780036]
[-0.02891461 -0.24679747  2.2241466  -0.00623173],[ 0.00759217 -0.23570667  2.20269275 -0.28448872],[ 0.0082031  -0.23893575  2.20784167 -0.30967237],[-0.08039757 -0.00441982  0.00217577  0.24278953],15.908800840377808,[ 582.08982623  412.95392943 -417.74830933  565.32881252]
[-0.03313547 -0.24766305  2.2249355   0.00796804],[ 0.00331606 -0.23579389  2.20278001 -0.27227148],[ 0.00471236 -0.23893562  2.20679438 -0.29998912],[-0.08268943 -0.00543394  0.00210986  0.24316898],15.95836615562439,[ 600.1953077   413.93550075 -426.00718663  585.59414433]
[-0.03748576 -0.24785519  2.2256646   0.02045977],[-9.59976343e-04 -2.35793956e-01  2.20330369e+00 -2.60926679e-01],[-6.98121048e-04 -2.38935617e-01  2.20749240e+00 -2.85608048e-01],[-0.08670294 -0.00608402  0.00221405  0.24409047],16.005538940429688,[ 568.02917217  410.07547621 -418.30559048  539.80855302]
[-0.04193293 -0.24799201  2.2262168   0.03288451],[-0.00523601 -0.23579402  2.20382738 -0.24958187],[-0.00453787 -0.23911005  2.20766697 -0.27573305],[-0.09059377 -0.006327    0.00237184  0.2445671 ],16.055689334869385,[ 596.09034624  408.65571044 -420.16746996  572.15693117]
[-0.04673119 -0.24833032  2.2264187   0.04805708],[-0.00986113 -0.23579402  2.20391464 -0.23474673],[-0.01064649 -0.23893548  2.2074924  -0.26106436],[-0.09595241 -0.00665526  0.00275956  0.24465136],16.10559582710266,[ 560.76007915  412.48030626 -420.53909129  558.08787712]
[-0.05148767 -0.24881205  2.2265887   0.06353314],[-0.01448624 -0.23579402  2.2040019  -0.21991159],[-0.01588253 -0.23893548  2.2074924  -0.24898426],[-0.09959531 -0.00693001  0.00303703  0.24503317],16.155086278915405,[ 570.82934631  412.77464766 -419.82468042  580.03041932]
[-0.05547803 -0.24884021  2.2269692   0.07805982],[-0.01867506 -0.23570674  2.20408916 -0.20682162],[-0.02111844 -0.23911005  2.20731783 -0.23671241],[-0.10210726 -0.00756227  0.00332972  0.24553322],16.209732055664062,[ 553.10719581  408.84935905 -422.02943504  573.16997382]
[-0.05900415 -0.24926949  2.2270536   0.09331881],[-0.02286388 -0.23561946  2.20417643 -0.19373165],[-0.02652905 -0.23928462  2.2074924  -0.22444056],[-0.10239679 -0.00891527  0.0034907   0.24643   ],16.25886845588684,[ 534.09684293  411.51711296 -419.17499785  579.78962287]
[-0.06153721 -0.24924389  2.2270994   0.1087708 ],[-0.02652905 -0.23561946  2.20417643 -0.1815144 ],[-0.03071781 -0.23963363  2.20644524 -0.21456556],[-0.10061727 -0.01020547  0.00392943  0.24702109],16.313692331314087,[ 529.25175066  407.35659423 -425.33607303  600.70719147]
[-0.06348755 -0.24862301  2.2267606   0.12453963],[-0.03019423 -0.23561946  2.20417643 -0.16929714],[-0.03682643 -0.2398082   2.2074924  -0.199801  ],[-0.09530336 -0.01158679  0.0037931   0.24727254],16.359134197235107,[ 470.90637523  404.0295253  -413.33109448  569.20012182]
[-0.06502474 -0.24800593  2.2263856   0.14222997],[-0.0338594  -0.23570667  2.20435083 -0.15620717],[-0.04153876 -0.24015748  2.2076671  -0.18743328],[-0.08789514 -0.01357566  0.00545224  0.24773968],16.408283948898315,[ 469.78369241  402.03475828 -416.36336208  602.08994545]
[-0.06607793 -0.24610682  2.2257793   0.159478  ],[-0.03752458 -0.23579389  2.20452523 -0.1431172 ],[-0.04555308 -0.24050648  2.2076671  -0.17496968],[-0.07727635 -0.01379986  0.00619655  0.25136028],16.458959579467773,[ 458.18947506  392.07577575 -415.51497689  600.7149459 ]
[-0.0677671  -0.2439706   2.2251334   0.17993645],[-0.04232426 -0.23579389  2.20469975 -0.12740909],[-0.04904382 -0.23998277  2.20696895 -0.16471119],[-0.06501378 -0.01402764  0.00732825  0.25801896],16.51179599761963,[ 466.58218271  394.28691487 -418.38834973  643.72353416]
[-0.06836258 -0.24165876  2.2243428   0.20200934],[-0.04712394 -0.23579389  2.20487428 -0.11170097],[-0.05113813 -0.24085549  2.20766697 -0.15167235],[-0.05027706 -0.0104007   0.00415313  0.26064011],16.563485622406006,[ 463.63080297  381.64500428 -410.29850479  640.07909051]
[-0.06710696 -0.23962824  2.2241108   0.22326687],[-0.04991647 -0.23605574  2.2053107  -0.09686583],[-0.05270899 -0.2412045   2.20784154 -0.13863351],[-0.02824981 -0.00915479  0.00269762  0.26405818],16.610032081604004,[ 429.57565693 -415.89145635 -414.52769274  638.4810702 ]
[-0.06640824 -0.23784402  2.2259247   0.24067819],[-0.05270899 -0.23631759  2.20574713 -0.08203069],[-0.05340714 -0.24137907  2.2076671  -0.12492356],[-0.0091867  -0.00761332  0.00061024  0.29339177],16.65946364402771,[ 444.04407294 -415.31915707 -426.77572867  608.71047983]
[-0.0640849  -0.23680334  2.2279115   0.25750887],[-0.05349436 -0.23675396  2.20635796 -0.06719529],[-0.05358158 -0.24120463  2.20749253 -0.10881676],[ 0.00059039 -0.00667151 -0.00044684  0.32340669],16.709441900253296,[ 415.03505422 -409.61269192 -429.67798222  588.22989941]
[-0.06274368 -0.23647776  2.2296534   0.27270123],[-0.05427972 -0.23719032  2.20696878 -0.05235988],[-0.05358158 -0.24120463  2.20714352 -0.0874369 ],[ 3.94066360e-03 -8.10760461e-03  7.15480073e-05  3.53769193e-01],16.759262561798096,[ 425.68413722 -406.68557034 -431.46700868  536.75681468]
[-0.05906509 -0.23581295  2.2278945   0.2895767 ],[-0.05288349 -0.23710303  2.20661974 -0.03752447],[-0.05393072 -0.2415535   2.20696882 -0.06931676],[-0.00534807 -0.01047695  0.00182278  0.3625226 ],16.815229415893555,[ 365.2317516  -411.8387944  -414.13965246  570.7337933 ]
[-0.0566233  -0.23695816  2.2267933   0.3058913 ],[-0.05148727 -0.23701574  2.20627069 -0.02268907],[-0.05497787 -0.24137907  2.20661981 -0.05455219],[-0.01958212 -0.0103252   0.00288671  0.37072321],16.86556577682495,[ 355.87203817 -396.48191749 -416.95075208  591.07204554]
[-0.05485084 -0.23785211  2.2264793   0.32398343],[-0.05000369 -0.23675389  2.20592165 -0.00523588],[-0.0561996  -0.24172807  2.20714339 -0.03576093],[-0.02971311 -0.01337323  0.0067478   0.3794165 ],16.909854650497437,[-451.67461655 -400.59753783 -415.74786196  574.97824791]
[-0.05252957 -0.23961999  2.226605    0.34370813],[-0.04852011 -0.23649204  2.20557261  0.0122173 ],[-0.05742132 -0.24190264  2.20731796 -0.01629855],[-0.0234186  -0.01304959  0.00739103  0.38562872],16.955296754837036,[-477.62480888 -392.69732882 -419.07740181  581.83950481]
[-0.05070229 -0.24229245  2.2272873   0.36571205],[-0.04869468 -0.23623025  2.20565987  0.03141593],[-0.0579449  -0.24207708  2.20714325  0.00316384],[-0.00363335 -0.01232515  0.00620018  0.39095082],17.005819082260132,[-471.49013271  415.2433961  -423.81547976  599.06485518]
[-0.04931311 -0.24559078  2.2282748   0.38750964],[-0.04886924 -0.23596846  2.20574713  0.05061455],[-0.05777046 -0.24207708  2.20696882  0.02684466],[ 0.01376945 -0.01107389  0.00276961  0.39315362],17.05468463897705,[-460.51521052  423.35652297 -426.28413684  567.14982838]
[-0.0479537  -0.25061232  2.2280614   0.41004378],[-0.04939282 -0.23614302  2.20618343  0.06981317],[-0.05707231 -0.24190251  2.20661968  0.04621117],[ 0.02302849 -0.00812472  0.0013367   0.38041775],17.10527801513672,[-455.51590413  439.96959964 -422.02326382  604.08987683]
[-0.0467525  -0.25735563  2.227096    0.43314555],[-0.0499164  -0.23631759  2.20661974  0.08901179],[-0.05637417 -0.24207708  2.20644524  0.06059224],[ 0.02572268 -0.00830696  0.00108535  0.36243289],17.15512228012085,[-455.65711879  454.79613898 -417.26242045  647.32130691]
[-0.04562224 -0.26471236  2.2255826   0.45386958],[-0.04939282 -0.23649216  2.206707    0.10733774],[-0.05585059 -0.24207708  2.20627067  0.07775365],[ 0.0130229  -0.00983001  0.00238096  0.34760611],17.205183744430542,[-460.24564041  466.89332827 -413.57607669  612.9964259 ]
[-0.04533263 -0.27246264  2.2253318   0.4726283 ],[-0.04886924 -0.23666674  2.20679426  0.1256637 ],[-0.05585059 -0.24207708  2.20627067  0.09472331],[-0.00313637 -0.00997667  0.00473648  0.34322307],17.25892925262451,[-456.93567156  477.01115629 -417.98646749  601.47591021]
[-0.04436813 -0.28066513  2.2273552   0.48864436],[-0.04782202 -0.23692846  2.20635784  0.143117  ],[-0.05602503 -0.24225179  2.2062708   0.11207647],[-0.00335876 -0.01046572  0.00604701  0.35164595],17.306164741516113,[-475.3752923   486.70866559 -429.75242203  578.92440287]
[-0.04241927 -0.28851593  2.2288303   0.50361407],[-0.0467748  -0.23719019  2.20592141  0.16057029],[-0.0561996  -0.24225165  2.20627067  0.129909  ],[ 0.00657262 -0.01106038  0.0058822   0.35752355],17.355573654174805,[-500.76594188  493.49532635 -428.87951968  566.81259466]
[-0.04114283 -0.29938176  2.2294807   0.5218416 ],[-0.04642573 -0.24103     2.20539796  0.18151425],[-0.05602503 -0.24277536  2.2062708   0.14774152],[ 0.0139789  -0.01527927  0.00429683  0.3570801 ],17.405964136123657,[-490.94564885  518.82470823 -425.99576174  589.81510102]
[-0.03985278 -0.30945218  2.2295794   0.54003656],[-0.04607666 -0.24486981  2.20487452  0.2024582 ],[-0.05550145 -0.24399695  2.2060961   0.1653823 ],[ 0.01914069 -0.02890957  0.00197252  0.35111782],17.457010984420776,[-489.745062    518.68974931 -424.65462271  591.20667238]
[-0.03979517 -0.32034677  2.2301366   0.55493486],[-0.04642573 -0.25106572  2.20504904  0.22078415],[-0.05462873 -0.24661511  2.20557252  0.18599517],[ 0.01659799 -0.04944937  0.00086104  0.34458102],17.50570797920227,[-461.93626608  523.5227072  -429.19413419  544.46779918]
[-0.04049294 -0.3301296   2.2313259   0.5688276 ],[-0.0467748  -0.25726163  2.20522356  0.2391101 ],[-0.05410515 -0.24958214  2.20522352  0.19970512],[ 0.00333265 -0.06296482  0.00316755  0.34957042],17.554729461669922,[-449.73339656  521.55137971 -432.69226359  585.84089759]
[-0.04053567 -0.33780897  2.2334156   0.5783677 ],[-0.0467748  -0.26206131  2.20557272  0.25307273],[-0.05410515 -0.25324744  2.20522365  0.22089323],[-0.00261923 -0.0738172   0.00094064  0.35076595],17.60740566253662,[-467.20624563  508.71012637 -437.14369999  497.20091084]
[-0.04042765 -0.34328535  2.2342453   0.58815944],[-0.0467748  -0.26686099  2.20592189  0.26703537],[-0.05427972 -0.25691235  2.20417623  0.23479493],[ 0.0019137  -0.09304694  0.00173969  0.34572851],17.660666704177856,[-473.50088765  497.27076254 -438.11072065  547.91237306]
[-0.03870454 -0.34984195  2.2349074   0.6016766 ],[-0.04581487 -0.27270783  2.2053982   0.28536132],[-0.05427972 -0.26249754  2.20417636  0.2517646 ],[ 0.00904716 -0.11024167  0.00257139  0.3347487 ],17.7094624042511,[-503.73303196  493.18839739 -433.5668212   550.78856372]
[-0.03730294 -0.3545818   2.2342434   0.6168344 ],[-0.04485493 -0.27855468  2.20487452  0.30368727],[-0.05410515 -0.26843172  2.20382735  0.26777552],[ 0.01374592 -0.12374094  0.00225188  0.31147513],17.754825353622437,[-502.42388695  478.96504152 -429.0666611   568.55776722]
[-0.03611218 -0.35815567  2.2351491   0.6271683 ],[-0.04441864 -0.28300515  2.20504892  0.31677724],[-0.05375615 -0.27454035  2.20365278  0.28254009],[ 0.01063335 -0.12936464  0.00203721  0.29185569],17.804745197296143,[-500.85111721  468.36608094 -436.1244629   541.29908437]
[-0.03641065 -0.36146706  2.2361462   0.6356564 ],[-0.04398235 -0.28745562  2.20522332  0.32986721],[-0.05323257 -0.28047441  2.20469994  0.29653766],[ 0.0038792  -0.12484566  0.00200461  0.28580452],17.854623794555664,[-471.77387284  465.21476286 -431.23164223  530.9933638 ]
[-0.0362504  -0.36413428  2.2365112   0.6424697 ],[-0.04424413 -0.2919063   2.20548522  0.34208451],[-0.053058   -0.28518674  2.20452537  0.31072698],[-7.96644069e-05 -1.09146551e-01  3.70933399e-03  2.82049099e-01],17.907205820083618,[-483.82321767  466.64409043 -434.29755159  514.23918382]
[-0.03622677 -0.3671901   2.2357676   0.6495656 ],[-0.04450592 -0.29635698  2.20574713  0.35430181],[-0.053058   -0.28920118  2.20487451  0.32443694],[ 0.00662151 -0.09031024  0.00479556  0.26850786],17.95669984817505,[-484.51073457  472.22175593 -426.21163393  516.26586589]
[-0.03556962 -0.3692627   2.235565    0.6541368 ],[-0.04468043 -0.30045843  2.20592165  0.3647738 ],[-0.053058   -0.29216821  2.20435093  0.33718815],[ 0.01164243 -0.07404967  0.00734304  0.25182801],18.013177394866943,[-497.30305591  471.71380447 -432.58872825  501.21391396]
[-0.0356294  -0.37074745  2.2339118   0.65910923],[-0.04485493 -0.30455989  2.20609617  0.37524578],[-0.05288343 -0.29478623  2.20487451  0.3490765 ],[ 0.00877413 -0.06141403  0.00299108  0.23707543],18.064408779144287,[-482.75346243  469.14340444 -419.71186993  506.6053114 ]
[-0.03537753 -0.37232965  2.2291002   0.6642028 ],[-0.04441864 -0.30813779  2.20583439  0.38571776],[-0.05253442 -0.29688041  2.2043508   0.36048549],[ 0.00562044 -0.05372528  0.0028955   0.22613114],18.10936141014099,[-484.32679171  472.36927267 -406.38051769  507.65053491]
[-0.03439777 -0.37443602  2.2214768   0.6701921 ],[-0.04398235 -0.31171569  2.20557261  0.39618975],[-0.05201084 -0.29897499  2.2045255   0.37131922],[ 0.00526512 -0.05065319  0.0015137   0.21787945],18.15861439704895,[-494.91084026  475.5318762  -383.54405018  515.52543211]
[-0.03328024 -0.37586185  2.2122386   0.6738101 ],[-0.04354599 -0.31468284  2.20583439  0.40404373],[-0.0516617  -0.301244    2.2045255   0.38205709],[ 0.00442006 -0.05081767  0.00237829  0.20825845],18.207071781158447,[-503.43782894  469.54528342 -368.13632278  496.03766751]
[-0.03162877 -0.37805155  2.2015874   0.6784767 ],[-0.04310963 -0.31764999  2.20609617  0.41189772],[-0.0516617  -0.30351275  2.20382722  0.39193209],[ 0.00579058 -0.05263526  0.0032822   0.19391708],18.257692098617554,[-524.94658625  474.06326771  444.87764838  506.8134344 ]
[-0.0291379 -0.3790047  2.1888275  0.6857777],[-0.04319691 -0.32044253  2.20618343  0.42149703],[-0.05183627 -0.30613077  2.20452537  0.40094423],[ 0.00461436 -0.05461561  0.00345882  0.17831565],18.311211347579956,[-553.48943787  462.85806655  473.35213672  530.43867836]
[-0.02622994 -0.37820724  2.1749654   0.6939137 ],[-0.0432842  -0.32323506  2.20627069  0.43109635],[-0.05183627 -0.30874865  2.20452523  0.40918938],[ 0.00182804 -0.05601829  0.00246129  0.16461781],18.361498594284058,[-571.66851094  448.91180665  488.9448766   541.59836637]
[-0.02478308 -0.37720397  2.156351    0.70053977],[-0.0434587  -0.32506764  2.20600891  0.43807766],[-0.0516617  -0.31136667  2.20435066  0.41705103],[ 0.00325838 -0.05674221  0.00137686  0.15664394],18.407763719558716,[-553.48507486  444.05173331  526.99507135  533.09503938]
[-0.02529526 -0.37789086  2.1403317   0.70886195],[-0.0436332  -0.32690021  2.20574713  0.44505897],[-0.0513127  -0.3139847   2.20417623  0.42452918],[ 0.00598106 -0.05780461  0.00070015  0.14957729],18.45515275001526,[-517.16432159  452.28826932  531.72425056  548.07464473]
[-0.0306333  -0.38526884  2.114137    0.7206452 ],[-0.0436332  -0.32908188  2.19562423  0.45378561],[-0.05096369 -0.31677715  2.20400179  0.43171972],[ 0.00554509 -0.05842283  0.00095682  0.1460901 ],18.508252382278442,[-416.311971    496.07821808  601.33591744  576.61173843]
[-0.04239188 -0.39339808  2.1009657   0.7403579 ],[-0.0436332  -0.33126354  2.18550134  0.46251225],[-0.05078912 -0.31956988  2.20400192  0.43891025],[ 0.0046297  -0.05732867  0.00049153  0.14312319],18.56864905357361,[-262.91743129  505.93270641  559.4624282   638.3787991 ]
[-0.05825393 -0.40098074  2.0743248   0.7623125 ],[-0.04415685 -0.33292156  2.15050745  0.47036622],[-0.05078912 -0.32201333  2.20243106  0.44600491],[ 0.00226518 -0.05284317 -0.0127914   0.13828864],18.605689764022827,[675.35005446 509.88491356 635.50603059 662.17315295]
[-0.06889759 -0.40367496  2.052351    0.7833653 ],[-0.04468049 -0.33457959  2.11551356  0.47822019],[-0.05096369 -0.3241075   2.19876575  0.45281195],[-0.00100559 -0.04725735 -0.08633355  0.13461988],18.654918432235718,[646.76866653 483.17738272 624.84864568 664.99727588]
[-0.0737847  -0.40363568  1.9924084   0.7981713 ],[-0.04450592 -0.3374594   2.04465318  0.48694685],[-0.05096369 -0.32567824  2.18777009  0.45818089],[-0.00059843 -0.04492582 -0.21837579  0.15351657],18.70643448829651,[587.44105257 468.27160672 805.05038659 636.05459306]
[-0.06218876 -0.41364506  1.9138826   0.80078167],[-0.04433135 -0.34033921  1.97379279  0.49567351],[-0.05078912 -0.3286454   2.14745303  0.4691105 ],[-3.28613012e-04 -4.99594953e-02 -5.56875718e-01  1.93476423e-01],18.757530212402344,[285.60909917 527.36577474 797.25654959 507.60088282]
[-0.05490244 -0.41720283  1.8523672   0.8043433 ],[-0.04276055 -0.34252094  1.91244447  0.50265484],[-0.05061455 -0.33143812  2.11324472  0.48004011],[ 0.01026626 -0.05849988 -0.76411799  0.20361862],18.80696153640747,[314.72054489 490.36716121 777.86141537 510.57578348]
[-0.04133696 -0.4301715   1.7744294   0.805884  ],[-0.04118975 -0.34470266  1.85109615  0.50963616],[-0.05043998 -0.33440502  2.05826669  0.49020274],[ 0.02186393 -0.06193713 -1.02309468  0.19025054],18.855306386947632,[-646.45907487  555.93702403  782.19652337  497.48703571]
[-0.02217969 -0.43934336  1.6698235   0.8067025 ],[-0.03935716 -0.34714605  1.79166776  0.51661748],[-0.05061455 -0.33702304  1.97414196  0.50036536],[ 1.15768315e-03 -5.47387930e-02 -1.35149926e+00  1.71079105e-01],18.90475106239319,[-832.26777572  541.74830316  792.05982095  487.7597158 ]
[-0.01158785 -0.43860123  1.5654584   0.8114824 ],[-0.03752458 -0.34958944  1.73223937  0.52359879],[-0.05113813 -0.33859377  1.88582808  0.50928162],[-0.03038151 -0.04774924 -1.67386044  0.17864639],18.95486330986023,[-764.54933115  486.09319539  789.13310813  522.14624698]
[-0.01458291 -0.43564808  1.4739732   0.8093779 ],[-0.03743729 -0.35203294  1.68232292  0.53232542],[-0.0513127  -0.34086278  1.78198117  0.51934837],[-0.02671839 -0.05196914 -1.97485837  0.20281801],19.005043506622314,[-541.32469807  463.36901242  655.05072808  459.81601584]
[-0.01977039 -0.43739387  1.4077687   0.7929505 ],[-0.03735001 -0.35447645  1.63240647  0.54105204],[-0.05096369 -0.34313166  1.69384199  0.52788114],[-2.05300800e-03 -5.79030112e-02 -2.11260018e+00  2.07594705e-01],19.055851936340332,[-472.88601547  491.11509981  592.10477803  357.81351002]
[-0.02306247 -0.43716577  1.3690108   0.7743215 ],[-0.03865902 -0.35665806  1.60273594  0.54716071],[-0.05009097 -0.34644783  1.58877336  0.53813964],[ 0.03538513 -0.06279404 -2.07659568  0.1886031 ],19.107282876968384,[-472.64550489  469.39565809  335.68753736  315.8781931 ]
[-0.02748592 -0.43027782  1.3349471   0.7707807 ],[-0.03996803 -0.35883966  1.5730654   0.55326939],[-0.04904382 -0.34976386  1.49958689  0.54638478],[ 0.03836897 -0.06172167 -1.83376455  0.14651256],19.161927938461304,[-425.69763537  419.12681462  328.49376778  429.69634837]
[-0.03468735 -0.42131236  1.2975677   0.79594314],[-0.04066618 -0.35971238  1.544442    0.56112334],[-0.04869468 -0.35238202  1.41720733  0.55137022],[ 0.01523659 -0.06120954 -1.4043202   0.08730797],19.209348678588867,[-356.73278678  399.24334913  326.85887369  663.52537387]
[-0.03781113 -0.401478    1.2713219   0.8040485 ],[-0.04136432 -0.36058509  1.5158186   0.5689773 ],[-0.04886925 -0.35622163  1.38038087  0.55405469],[-0.01462611 -0.0823668  -0.96462031  0.06480912],19.258711099624634,[-411.03472754  302.83360308  463.73160886  562.94304307]
[-0.03709587 -0.38453898  1.2567817   0.7730468 ],[-0.04057889 -0.3604978   1.48867869  0.5742133 ],[-0.04956739 -0.36006138  1.37654126  0.55683503],[-0.0295829  -0.07987968 -0.36228269  0.09631921],19.3057758808136,[-483.56728657  299.47252635  565.60086637  271.63183582]
[-0.03373169 -0.36506242  1.2562451   0.74213445],[-0.03979346 -0.36041051  1.46153879  0.5794493 ],[-0.05061455 -0.36163224  1.38509334  0.5631627 ],[-0.04549247 -0.04105624  0.0202377   0.119648  ],19.35670518875122,[-550.61074987  276.80894241  567.78392472  228.8057937 ]
[-0.03411774 -0.33824778  1.2340931   0.73822284],[-0.03909538 -0.35936329  1.42916292  0.58293995],[-0.0513127  -0.36233039  1.39399442  0.57102435],[-0.0095658  -0.01529033  0.09329751  0.10466052],19.405576944351196,[-490.65817944 -589.59948074  692.93308529  401.18645474]
[-0.03599655 -0.32539928  1.2005589   0.75063103],[-0.0383973  -0.35831606  1.39678705  0.58643061],[-0.05061455 -0.3626794   1.39190011  0.57313357],[ 0.0403258  -0.0120099  -0.01287241  0.05247915],19.457879543304443,[-434.42016577 -516.67647149  726.02960872  560.84157163]
[-0.03881144 -0.31615636  1.1532943   0.77046174],[-0.03883359 -0.35648347  1.35114658  0.58992127],[-0.04869468 -0.36180681  1.37252708  0.57332532],[ 0.08951671  0.00355224 -0.2927444   0.01796797],19.50735378265381,[-378.36623556 -496.00622096  738.72004407  636.04074639]
[-0.04201924 -0.31438214  1.1157789   0.7749028 ],[-0.03926988 -0.35465088  1.30550611  0.59341192],[-0.04729838 -0.36163224  1.34756886  0.57437993],[ 0.03095912  0.00277    -0.5187097   0.04221098],19.558005571365356,[-357.30666566 -456.87366905  685.58495338  523.96673182]
[-0.03792416 -0.31885952  1.0598438   0.7727361 ],[-0.03996803 -0.3512475   1.26082569  0.59515727],[-0.0464258  -0.36145767  1.29468541  0.57869425],[-0.05155608 -0.00083504 -0.82150948  0.06987079],19.604900360107422,[-490.8650481  -414.61196407  647.91508551  451.65343289]
[-0.03751332 -0.31579173  1.0031846   0.75975066],[-0.04066618 -0.34784412  1.21614528  0.59690261],[-0.04694937 -0.36145767  1.25279735  0.58272095],[-0.0725102  -0.00380421 -0.96552982  0.09163272],19.655771255493164,[-461.20211774 -464.12188767  712.89230481  369.42993082]
[-0.03375116 -0.28145888  0.9423075   0.74532205],[-0.04110247 -0.34077562  1.17399573  0.59777525],[-0.04799653 -0.36180681  1.1971213   0.58741877],[-0.02761573 -0.0061771  -1.06731186  0.08197878],19.704822063446045,[-543.39529702 -688.99454605  677.09522611  345.06683801]
[-0.03179108 -0.23658317  0.89083743  0.7322245 ],[-0.04153876 -0.33370712  1.13184619  0.59864789],[-0.04904382 -0.36180668  1.14214354  0.59048673],[ 3.30193453e-02 -1.05583414e-03 -1.08525116e+00  5.58810010e-02],19.7558913230896,[-531.39221782 -795.19512852  636.27895134  357.71029061]
[-0.02906866 -0.20419395  0.84611994  0.73417914],[-0.04136426 -0.32672572  1.10069197  0.59952059],[-0.04939282 -0.3612831   1.07861343  0.59240421],[ 0.03472499  0.00809751 -1.07034577  0.044118  ],19.805441856384277,[-547.71064462 -748.79283788  551.90027176  471.14737654]
[-0.02237236 -0.18117818  0.8059459   0.7355048 ],[-0.04118975 -0.31974432  1.06953776  0.6003933 ],[-0.04869468 -0.35988694  1.03428218  0.5946093 ],[ 0.00317301  0.02097991 -1.09829971  0.05029046],19.8566837310791,[-621.61990643 -708.77232724  610.52701282  464.29194179]
[-0.01270027 -0.16267025  0.76970565  0.74458444],[-0.04075346 -0.30953409  1.03585291  0.60126594],[-0.04764752 -0.35604719  0.97598798  0.59738964],[-0.01844553  0.05978582 -1.14061742  0.0557594 ],19.906563997268677,[-704.16209297 -681.62076349  511.80322921  517.69268203]
[-0.01331144 -0.15223981  0.73082     0.7655804 ],[-0.04031717 -0.29932386  1.00216806  0.60213858],[-0.04747295 -0.3466224   0.92537354  0.60074523],[-0.03334185  0.14430037 -1.00051485  0.06220818],19.95641541481018,[-559.01664949 -600.4324845   544.30711443  605.90024414]
[-0.02092133 -0.14700976  0.68197334  0.76562405],[-0.0401426  -0.28701939  0.96516716  0.60301125],[-0.04939282 -0.32986726  0.89832102  0.60400494],[-0.02424193  0.2641403  -0.5415372   0.05887594],20.011529207229614,[-456.97301538 -513.52253594  709.7139753   458.29669313]
[-0.02247207 -0.13631333  0.6371993   0.75282747],[-0.03996803 -0.27471492  0.92816627  0.60388392],[-0.05113813 -0.30857435  0.8892455   0.60688115],[-0.01018784  0.38673091 -0.29898109  0.05639488],20.05498957633972,[-546.24988284 -508.51259324  804.9785378   363.263851  ]
[-0.02090872 -0.13845861  0.59077656  0.7353655 ],[-0.04005531 -0.2642429   0.89212519  0.60475659],[-0.0513127  -0.2818707   0.89151425  0.60975736],[ 0.02601035  0.42890997 -0.03333505  0.05688901],20.10603904724121,[-578.0990751  -369.85701084  909.33199913  320.4367944 ]
[-0.01847968 -0.135456    0.5351924   0.7064077 ],[-0.0401426  -0.25377089  0.85608411  0.60562927],[-0.04799653 -0.2658137   0.89046682  0.61215421],[ 0.06087737  0.3386311  -0.07634784  0.05423365],20.158419370651245,[-534.2721578  -451.8224915   988.90990612  227.64422814]
[-0.01263041 -0.12416465  0.47068435  0.6859998 ],[-0.0401426  -0.24801127  0.80965826  0.60562927],[-0.04276062 -0.2576105   0.86481073  0.61550979],[ 0.08970885  0.20541507 -0.45311271  0.05676406],20.206541061401367,[-559.85501129 -552.02418015  960.56798533  268.90071408]
[-0.00393119 -0.12748662  0.41203022  0.6696435 ],[-0.0401426  -0.24225165  0.76323241  0.60562927],[-0.0387463  -0.2544689   0.81437046  0.61771489],[ 0.06185262  0.13237969 -0.89318901  0.05716927],20.25576138496399,[-644.37720669 -488.09743255  837.52846555  296.03458837]
[-0.00345162 -0.13774076  0.35198703  0.665305  ],[-0.04049167 -0.24216437  0.71034896  0.60562927],[-0.0387463  -0.25324731  0.75590209  0.62030348],[-0.00646187  0.07067608 -1.09538049  0.04905985],20.308486700057983,[-583.66985268 -446.46847092  810.66163265  374.01102774]
[-0.00688136 -0.1501955   0.29780936  0.6625056 ],[-0.04084075 -0.24207708  0.65746552  0.60562927],[-0.04223704 -0.25377076  0.6963863   0.6227962 ],[-0.06381959  0.02381142 -1.17477616  0.03609422],20.355312824249268,[-577.6938074  -431.79667759  775.70842536  382.81003161]
[-0.01269339 -0.15347406  0.25332162  0.66502357],[-0.04276062 -0.24225165  0.60911995  0.60475659],[-0.04660037 -0.25429433  0.63495063  0.62337144],[-7.14139187e-02 -9.62599576e-04 -1.21270381e+00  1.59088567e-02],20.408440113067627,[-547.795604   -484.24624492  709.02417087  434.42470792]
[-0.01979965 -0.15816183  0.21916878  0.6659141 ],[-0.04468049 -0.24242622  0.56077439  0.60388392],[-0.04886925 -0.2544689   0.5864305   0.62385081],[-0.04313447  0.00856592 -1.20635015  0.01756434],20.454594612121582,[-472.75830763 -469.15570778  705.71213192  423.90993138]
[-0.02121125 -0.15955418  0.18809894  0.65886426],[-0.04555314 -0.24260072  0.51949726  0.60388392],[-0.04886925 -0.25394533  0.51906078  0.62519304],[ 0.00477335  0.0213854  -1.1540814   0.03406695],20.504711151123047,[-517.10746475 -482.86483011  575.45319775  358.09115851]
[-0.02297184 -0.16892704  0.1588544   0.659263  ],[-0.0464258  -0.24277523  0.47822013  0.60388392],[-0.04520407 -0.25289804  0.46478103  0.62730227],[ 0.0522419   0.02741313 -1.09779725  0.0359306 ],20.555468797683716,[-429.74213285 -421.28337664  598.67580282  404.0069158 ]
[-0.02261229 -0.18630253  0.14515206  0.66021955],[-0.04651308 -0.24277516  0.44095732  0.60388392],[-0.04223704 -0.24940743  0.41311943  0.62893212],[ 0.06974097  0.04609226 -1.03337376  0.02124493],20.60572075843811,[-458.99586725 -337.57455298  505.3498992   410.93069609]
[-0.02308854 -0.20003481  0.13953188  0.65651023],[-0.04660036 -0.2427751   0.40369451  0.60388392],[-0.04031717 -0.24696398  0.37716569  0.62921974],[ 0.03959778  0.04882211 -0.91091458 -0.00230032],20.655531644821167,[-450.18697606 -349.61595738  507.68487849  385.66637269]
[-0.02260645 -0.20853178  0.1316077   0.64562523],[-0.04712394 -0.24277523  0.36084677  0.60388392],[-0.04136432 -0.24574239  0.34522614  0.62816513],[-0.02235012  0.03005483 -0.68687998 -0.02055653],20.70548105239868,[-516.73717074 -378.74374733  510.73655992  339.91752634]
[-0.02586143 -0.20504105  0.12145804  0.63447076],[-0.04764752 -0.24277537  0.31799904  0.60388392],[-0.04433135 -0.24574239  0.32567853  0.62672703],[-0.06444974  0.01075655 -0.45772699 -0.02353927],20.754838705062866,[-488.02875139 -461.70153923  563.95968995  335.85744627]
[-0.02603272 -0.19817276  0.13432173  0.62674403],[-0.04913103 -0.24286258  0.30202927  0.60388392],[-0.04729838 -0.24609153  0.3141593   0.62548067],[-0.05318861  0.0017572  -0.28798076 -0.01673344],20.808345317840576,[-548.28099411 -491.33891832  475.38109331  355.26887944]
[-0.02641959 -0.19198081  0.12920852  0.61443204],[-0.05061455 -0.2429498   0.2860595   0.60388392],[-0.04782196 -0.24661511  0.30735252  0.62509717],[ 0.00117034  0.00359421 -0.14189783 -0.00204014],20.855072736740112,[-509.06340293 -495.03486478  570.88879589 -488.83204361]
[-0.02759676 -0.19136254  0.13631164  0.6030353 ],[-0.05139991 -0.24312437  0.28562313  0.60388392],[-0.04572765 -0.24609153  0.3045602   0.62557654],[ 0.0458293   0.0042954  -0.07381024  0.00283198],20.906623601913452,[-441.56252463 -455.29870275  525.85647704 -494.40356725]
[-0.02707941 -0.19241256  0.15116869  0.5948773 ],[-0.05218528 -0.24329893  0.28518677  0.60388392],[-0.04276062 -0.24609126  0.30229092  0.62548067],[ 0.06023813  0.01585209 -0.07255964 -0.00643072],20.95475745201111,[-441.64623122 -447.36019418  477.7530689  -471.7361472 ]
[-0.02656003 -0.19314255  0.15682483  0.5938268 ],[-0.05113813 -0.24321158  0.2853612   0.60388392],[-0.04101518 -0.24417166  0.29757872  0.6246178 ],[ 0.0329142   0.02125518 -0.07637705 -0.01683769],21.00530743598938,[-453.87764256 -435.08910417  496.33590481 -416.70923344]
[-0.02727537 -0.19722709  0.16283797  0.59468   ],[-0.05009097 -0.24312423  0.28553563  0.60388392],[-0.04153876 -0.2429498   0.2930407   0.62375494],[-0.02237085  0.03213916 -0.09705306 -0.01706419],21.056989431381226,[-468.43932123 -413.79937734  485.00151848 -402.52490778]
[-0.02860727 -0.20012979  0.17266858  0.5921026 ],[-0.04982918 -0.24303702  0.28527398  0.60388392],[-0.04345863 -0.24242622  0.28710664  0.6231797 ],[-0.05414287  0.01864469 -0.11039829 -0.01140603],21.109642028808594,[-483.07996751 -421.68392267  446.9022679  -429.55396038]
[-0.03034202 -0.20288986  0.18323977  0.589493  ],[-0.04956739 -0.2429498   0.28501233  0.60388392],[-0.04590208 -0.24225179  0.28396518  0.6227962 ],[-0.04507954  0.00988348 -0.08888495 -0.00327425],21.156862020492554,[-488.43504676 -421.70795309  441.98030278 -432.23436153]
[-0.03246508 -0.20604357  0.19822297  0.59235424],[-0.05035276 -0.24303715  0.28492512  0.60388392],[-0.04729838 -0.24207708  0.28204504  0.62308382],[-0.00983196  0.00971588 -0.05152993 -0.00092457],21.205899238586426,[-463.26071867 -416.00981036  411.40821655 -397.34933354]
[-0.03422891 -0.21053466  0.21719885  0.59535676],[-0.05113813 -0.2431245   0.2848379   0.60388392],[-0.0464258  -0.24190251  0.28099788  0.62298795],[ 0.02656503  0.01202121 -0.03087388 -0.00422233],21.255565881729126,[-421.42236493 -403.29928208  378.02033913 -392.12642672]
[-0.03541891 -0.21515095  0.23382463  0.5987661 ],[-0.0513127  -0.24321172  0.28501233  0.60388392],[-0.04485493 -0.24085549  0.28117259  0.62250858],[ 0.03973845  0.01951289 -0.01993695 -0.00838462],21.306395053863525,[-405.75052106 -391.6339903   376.87150038 -384.6504102 ]
[-0.03601078 -0.2226401   0.24600051  0.6029541 ],[-0.05148727 -0.24329893  0.28518677  0.60388392],[-0.04223704 -0.23876091  0.28082344  0.62193334],[ 0.02137212  0.03872802 -0.00815733 -0.00913865],21.357769012451172,[-382.96578712 -358.46518896  381.16574811 -376.14711762]
[-0.03689895 -0.22699869  0.25641748  0.605247  ],[-0.05087634 -0.24329893  0.28518677  0.60388392],[-0.04223704 -0.23684104  0.28012516  0.62164571],[-0.00643369  0.0293887  -0.01046146 -0.00334758],21.405284643173218,[-413.3625998  -372.07108949  376.08991639 -390.13535556]
[-0.03731826 -0.23164131  0.26302296  0.6062456 ],[-0.05026541 -0.24329893  0.28518677  0.60388392],[-0.0432842  -0.23684104  0.28012516  0.62174159],[-0.02520875  0.01033001 -0.0023786   0.00064504],21.456188678741455,[-439.25108557 -377.26972947  388.80435624 -401.42925312]
[-0.03733632 -0.23422697  0.27212083  0.607218  ],[-0.05052726 -0.24321165  0.28501233  0.60388392],[-0.0450295  -0.23736475  0.27995073  0.62183746],[-0.02498898 -0.00106568 -0.00376681 -0.00023343],21.50537633895874,[-464.38496216 -390.73310128  368.10727964 -401.17358583]
[-0.03718537 -0.23597255  0.28058374  0.6071272 ],[-0.05078912 -0.24312437  0.2848379   0.60388392],[-0.0464258  -0.23736475  0.27977629  0.62174159],[-0.0129501  -0.0011358  -0.00281828 -0.0038913 ],21.559766054153442,[-469.42007748 -390.89071959 -437.80989973 -407.27220309]
[-0.03755566 -0.23823312  0.2896024   0.60652316],[-0.05113819 -0.24321165  0.2848379   0.60388392],[-0.04625123 -0.23736488  0.27977629  0.62154984],[ 0.00428411  0.00239605 -0.00089982 -0.00388757],21.606705904006958,[-435.30163564  414.46700042 -448.46199347 -410.3990835 ]
[-0.03787895 -0.24157263  0.2941014   0.6036235 ],[-0.05148727 -0.24329893  0.2848379   0.60388392],[-0.04485493 -0.23701574  0.27995073  0.62135809],[ 0.02066319  0.007027    0.00125874 -0.00108243],21.665773153305054,[-409.07584051  426.74781316 -432.67705137 -427.82254565]
[-0.03677442 -0.2446902   0.29470167  0.598607  ],[-0.05113819 -0.24338622  0.28492512  0.60388392],[-0.04310963 -0.23649203  0.28012516  0.62164571],[0.02085369 0.00899038 0.00185876 0.00307496],21.708219051361084,[-422.06059945  430.1041086  -416.40072826 -448.64827904]
[-0.03598544 -0.2456282   0.29482964  0.5966162 ],[-0.05078912 -0.24347351  0.28501233  0.60388392],[-0.04293506 -0.23614303  0.28012516  0.62183746],[0.00182896 0.00583227 0.00047587 0.00276762],21.75817322731018,[-443.96790231  417.22776892 -415.25274811 -427.88856497]
[-0.03618977 -0.24500641  0.2962619   0.59499013],[-0.05070183 -0.24338622  0.28501233  0.60388392],[-0.04380777 -0.23631746  0.28012516  0.62193334],[-0.0165945  -0.00061858 -0.00117029  0.00100854],21.809659481048584,[-448.11978827  403.89892705 -422.27255269 -425.52535515]
[-0.03663011 -0.24438953  0.2993535   0.5904979 ],[-0.05061455 -0.24329893  0.28501233  0.60388392],[-0.04485493 -0.2366666   0.27995073  0.62193334],[-0.02312802 -0.00392079 -0.0021962   0.00107748],21.85888957977295,[-450.2300602   401.91127515 -433.39449874 -447.16324739]
[-0.03711969 -0.24535513  0.30194187  0.58639485],[-0.05087634 -0.24329893  0.28492498  0.60388392],[-0.04607665 -0.23684117  0.27995073  0.62202921],[-0.01328057 -0.00224878 -0.00142292  0.00260169],21.919674396514893,[-455.77142156  413.27282538 -433.0796437  -447.20991255]
[-0.0371641  -0.24706353  0.30360922  0.581299  ],[-0.05113813 -0.24329893  0.28483763  0.60388392],[-0.04590208 -0.23684131  0.27995099  0.62222096],[0.00178399 0.00077759 0.00052776 0.00519301],21.966749668121338,[-440.4038338   420.49924459 -430.80000195 -457.47372911]
[-0.03679236 -0.24905983  0.30361336  0.5766708 ],[-0.05113813 -0.24329893  0.28483763  0.60388392],[-0.04485493 -0.23631773  0.28029987  0.62260445],[0.01943297 0.00590861 0.0054633  0.00619393],22.007761001586914,[-430.17766155  427.9016125  -421.83673005 -458.04864033]
[-0.03630603 -0.24984154  0.30302516  0.5743226 ],[-0.05113813 -0.24329893  0.28483763  0.60388392],[-0.04398235 -0.23579402  0.28082344  0.62289207],[0.01849209 0.009416   0.00953324 0.005434  ],22.059319257736206,[-432.58544621  421.90086705 -417.43878885 -442.73583273]
[-0.03547883 -0.2505578   0.30314758  0.5724841 ],[-0.05096362 -0.24329887  0.28483763  0.60388392],[-0.0436332  -0.23474686  0.28169616  0.62308382],[0.00087479 0.01500979 0.01334758 0.00390667],22.107314109802246,[-447.94566632  426.41972989 -418.23720688 -439.51172507]
[-0.03518353 -0.25028813  0.30286208  0.5689984 ],[-0.05078912 -0.24329881  0.28483763  0.60388392],[-0.04415678 -0.23422329  0.28239444  0.62327557],[-0.01394161  0.01183377  0.01303845  0.00399894],22.15882158279419,[-457.15424211  417.59235181 -416.25305543 -452.88056991]
