version https://git-lfs.github.com/spec/v1
oid sha256:6dc84391557e5e7e5cec5af1fefff7ca39e815344df4b654b85a1480f3a4c725
size 105630
